monday,tuesday,wednesday,thursday,friday,saturday,sunday,start_date,end_date,service_id
0,0,0,0,0,0,1,20250608,20250615,533
0,0,0,0,0,0,1,20250608,20250615,609
0,0,0,0,0,0,1,20250608,20250622,1006
0,0,0,0,0,0,1,20250608,20250622,280
0,0,0,0,0,0,1,20250608,20250622,408
0,0,0,0,0,0,1,20250608,20250622,829
0,0,0,0,0,0,1,20250608,20250622,929
0,0,0,0,0,0,1,20250608,20250629,892
0,0,0,0,0,0,1,20250608,20250629,962
0,0,0,0,0,0,1,20250608,20250706,271
0,0,0,0,0,0,1,20250608,20250706,293
0,0,0,0,0,0,1,20250608,20250706,494
0,0,0,0,0,0,1,20250608,20250706,619
0,0,0,0,0,0,1,20250608,20250706,868
0,0,0,0,0,0,1,20250608,20250706,912
0,0,0,0,0,0,1,20250609,20250622,969
0,0,0,0,0,0,1,20250609,20250629,180
0,0,0,0,0,0,1,20250609,20250630,964
0,0,0,0,0,0,1,20250609,20250706,487
0,0,0,0,0,0,1,20250615,20250622,1033
0,0,0,0,0,0,1,20250615,20250629,240
0,0,0,0,0,0,1,20250615,20250629,448
0,0,0,0,0,0,1,20250615,20250629,507
0,0,0,0,0,0,1,20250615,20250706,1008
0,0,0,0,0,0,1,20250615,20250706,203
0,0,0,0,0,0,1,20250615,20250706,488
0,0,0,0,0,0,1,20250615,20250706,793
0,0,0,0,0,0,1,20250615,20250706,818
0,0,0,0,0,0,1,20250620,20250629,723
0,0,0,0,0,0,1,20250621,20250706,779
0,0,0,0,0,0,1,20250622,20250629,157
0,0,0,0,0,0,1,20250622,20250629,310
0,0,0,0,0,0,1,20250622,20250629,406
0,0,0,0,0,0,1,20250622,20250629,44
0,0,0,0,0,0,1,20250622,20250706,251
0,0,0,0,0,0,1,20250622,20250706,98
0,0,0,0,0,0,1,20250622,20250708,202
0,0,0,0,0,0,1,20250627,20250706,741
0,0,0,0,0,0,1,20250628,20250706,625
0,0,0,0,0,0,1,20250629,20250706,544
0,0,0,0,0,1,0,20250608,20250621,800
0,0,0,0,0,1,0,20250608,20250628,1050
0,0,0,0,0,1,0,20250608,20250628,228
0,0,0,0,0,1,0,20250608,20250705,286
0,0,0,0,0,1,0,20250609,20250706,802
0,0,0,0,0,1,0,20250614,20250621,186
0,0,0,0,0,1,0,20250614,20250628,455
0,0,0,0,0,1,0,20250614,20250628,640
0,0,0,0,0,1,0,20250614,20250705,1045
0,0,0,0,0,1,0,20250614,20250705,77
0,0,0,0,0,1,0,20250620,20250628,862
0,0,0,0,0,1,0,20250621,20250628,392
0,0,0,0,0,1,0,20250621,20250628,672
0,0,0,0,0,1,0,20250621,20250628,673
0,0,0,0,0,1,0,20250621,20250628,991
0,0,0,0,0,1,0,20250621,20250629,391
0,0,0,0,0,1,0,20250621,20250705,124
0,0,0,0,0,1,0,20250621,20250705,917
0,0,0,0,0,1,0,20250621,20250705,940
0,0,0,0,0,1,0,20250621,20250705,961
0,0,0,0,0,1,0,20250627,20250708,1092
0,0,0,0,0,1,0,20250628,20250705,600
0,0,0,0,0,1,0,20250628,20250705,825
0,0,0,0,0,1,0,20250628,20250706,812
0,0,0,0,0,1,1,20250608,20250614,691
0,0,0,0,0,1,1,20250608,20250614,959
0,0,0,0,0,1,1,20250608,20250615,967
0,0,0,0,0,1,1,20250608,20250622,129
0,0,0,0,0,1,1,20250608,20250622,175
0,0,0,0,0,1,1,20250608,20250622,82
0,0,0,0,0,1,1,20250608,20250622,956
0,0,0,0,0,1,1,20250608,20250628,738
0,0,0,0,0,1,1,20250608,20250704,1075
0,0,0,0,0,1,1,20250608,20250705,1143
0,0,0,0,0,1,1,20250608,20250705,546
0,0,0,0,0,1,1,20250608,20250706,109
0,0,0,0,0,1,1,20250608,20250706,14
0,0,0,0,0,1,1,20250608,20250706,201
0,0,0,0,0,1,1,20250608,20250706,439
0,0,0,0,0,1,1,20250608,20250706,463
0,0,0,0,0,1,1,20250608,20250706,630
0,0,0,0,0,1,1,20250608,20250706,676
0,0,0,0,0,1,1,20250608,20250706,773
0,0,0,0,0,1,1,20250608,20250706,816
0,0,0,0,0,1,1,20250609,20250705,576
0,0,0,0,0,1,1,20250609,20250706,851
0,0,0,0,0,1,1,20250610,20250628,849
0,0,0,0,0,1,1,20250613,20250622,803
0,0,0,0,0,1,1,20250614,20250615,467
0,0,0,0,0,1,1,20250614,20250621,511
0,0,0,0,0,1,1,20250614,20250622,66
0,0,0,0,0,1,1,20250614,20250628,776
0,0,0,0,0,1,1,20250614,20250629,787
0,0,0,0,0,1,1,20250614,20250705,273
0,0,0,0,0,1,1,20250614,20250705,832
0,0,0,0,0,1,1,20250614,20250706,1000
0,0,0,0,0,1,1,20250614,20250706,197
0,0,0,0,0,1,1,20250615,20250621,1141
0,0,0,0,0,1,1,20250615,20250622,205
0,0,0,0,0,1,1,20250615,20250629,1038
0,0,0,0,0,1,1,20250615,20250706,140
0,0,0,0,0,1,1,20250615,20250706,345
0,0,0,0,0,1,1,20250615,20250706,451
0,0,0,0,0,1,1,20250615,20250706,86
0,0,0,0,0,1,1,20250621,20250622,977
0,0,0,0,0,1,1,20250621,20250628,419
0,0,0,0,0,1,1,20250621,20250629,1139
0,0,0,0,0,1,1,20250621,20250705,462
0,0,0,0,0,1,1,20250621,20250705,893
0,0,0,0,0,1,1,20250621,20250706,254
0,0,0,0,0,1,1,20250621,20250708,149
0,0,0,0,0,1,1,20250622,20250628,943
0,0,0,0,0,1,1,20250627,20250708,1098
0,0,0,0,0,1,1,20250628,20250629,980
0,0,0,0,0,1,1,20250628,20250705,749
0,0,0,0,0,1,1,20250628,20250706,137
0,0,0,0,0,1,1,20250629,20250706,182
0,0,0,0,0,1,1,20250705,20250706,549
0,0,0,0,0,1,1,20250705,20250706,557
0,0,0,0,0,1,1,20250705,20250706,743
0,0,0,0,1,0,0,20250613,20250620,45
0,0,0,0,1,0,0,20250613,20250627,754
0,0,0,0,1,0,0,20250613,20250704,479
0,0,0,0,1,0,0,20250613,20250704,652
0,0,0,0,1,0,0,20250613,20250704,863
0,0,0,0,1,0,0,20250615,20250704,434
0,0,0,0,1,0,0,20250620,20250627,115
0,0,0,0,1,0,0,20250620,20250704,843
0,0,0,0,1,0,0,20250627,20250704,10
0,0,0,0,1,0,0,20250627,20250704,1018
0,0,0,0,1,0,1,20250608,20250613,650
0,0,0,0,1,0,1,20250608,20250622,714
0,0,0,0,1,0,1,20250608,20250627,1065
0,0,0,0,1,0,1,20250609,20250620,527
0,0,0,0,1,0,1,20250612,20250708,259
0,0,0,0,1,0,1,20250613,20250615,919
0,0,0,0,1,0,1,20250614,20250704,166
0,0,0,0,1,0,1,20250615,20250620,20
0,0,0,0,1,0,1,20250615,20250704,1129
0,0,0,0,1,0,1,20250615,20250706,1108
0,0,0,0,1,0,1,20250615,20250706,1111
0,0,0,0,1,0,1,20250615,20250706,266
0,0,0,0,1,0,1,20250615,20250706,716
0,0,0,0,1,0,1,20250618,20250706,422
0,0,0,0,1,0,1,20250620,20250622,242
0,0,0,0,1,0,1,20250620,20250706,705
0,0,0,0,1,0,1,20250621,20250627,540
0,0,0,0,1,0,1,20250622,20250706,554
0,0,0,0,1,0,1,20250629,20250704,742
0,0,0,0,1,0,1,20250629,20250706,268
0,0,0,0,1,0,1,20250704,20250706,952
0,0,0,0,1,1,0,20250608,20250620,567
0,0,0,0,1,1,0,20250608,20250705,968
0,0,0,0,1,1,0,20250613,20250614,1029
0,0,0,0,1,1,0,20250613,20250614,1101
0,0,0,0,1,1,0,20250613,20250615,224
0,0,0,0,1,1,0,20250613,20250627,138
0,0,0,0,1,1,0,20250613,20250705,591
0,0,0,0,1,1,0,20250618,20250627,762
0,0,0,0,1,1,0,20250620,20250621,607
0,0,0,0,1,1,0,20250620,20250622,834
0,0,0,0,1,1,0,20250620,20250704,876
0,0,0,0,1,1,0,20250620,20250705,667
0,0,0,0,1,1,0,20250626,20250704,1017
0,0,0,0,1,1,0,20250627,20250628,146
0,0,0,0,1,1,0,20250627,20250628,41
0,0,0,0,1,1,0,20250627,20250628,528
0,0,0,0,1,1,0,20250627,20250705,1064
0,0,0,0,1,1,0,20250628,20250705,699
0,0,0,0,1,1,0,20250704,20250705,1125
0,0,0,0,1,1,1,20250608,20250614,1021
0,0,0,0,1,1,1,20250608,20250615,1052
0,0,0,0,1,1,1,20250613,20250615,658
0,0,0,0,1,1,1,20250620,20250622,61
0,0,0,0,1,1,1,20250621,20250704,276
0,0,0,0,1,1,1,20250627,20250629,883
0,0,0,0,1,1,1,20250628,20250706,593
0,0,0,0,1,1,1,20250704,20250706,654
0,0,0,1,0,0,0,20250610,20250619,333
0,0,0,1,0,0,0,20250612,20250704,264
0,0,0,1,0,0,0,20250619,20250626,187
0,0,0,1,0,0,0,20250619,20250703,380
0,0,0,1,0,0,0,20250619,20250703,428
0,0,0,1,0,0,1,20250608,20250612,167
0,0,0,1,0,0,1,20250615,20250619,460
0,0,0,1,0,0,1,20250615,20250619,509
0,0,0,1,0,0,1,20250615,20250619,820
0,0,0,1,0,0,1,20250619,20250622,831
0,0,0,1,0,0,1,20250626,20250629,882
0,0,0,1,0,0,1,20250629,20250703,1119
0,0,0,1,0,1,0,20250612,20250614,394
0,0,0,1,0,1,0,20250614,20250619,646
0,0,0,1,0,1,0,20250614,20250621,677
0,0,0,1,0,1,0,20250614,20250622,908
0,0,0,1,0,1,0,20250626,20250628,484
0,0,0,1,0,1,0,20250626,20250628,750
0,0,0,1,0,1,0,20250626,20250628,856
0,0,0,1,0,1,1,20250608,20250614,633
0,0,0,1,0,1,1,20250614,20250619,671
0,0,0,1,0,1,1,20250614,20250621,766
0,0,0,1,0,1,1,20250615,20250622,574
0,0,0,1,0,1,1,20250619,20250622,160
0,0,0,1,0,1,1,20250622,20250629,864
0,0,0,1,1,0,0,20250612,20250613,680
0,0,0,1,1,0,0,20250612,20250704,237
0,0,0,1,1,0,0,20250613,20250619,642
0,0,0,1,1,0,0,20250619,20250620,121
0,0,0,1,1,0,0,20250619,20250620,211
0,0,0,1,1,0,0,20250619,20250620,249
0,0,0,1,1,0,0,20250620,20250626,807
0,0,0,1,1,0,0,20250626,20250627,369
0,0,0,1,1,0,0,20250703,20250704,79
0,0,0,1,1,0,1,20250608,20250613,669
0,0,0,1,1,0,1,20250613,20250619,594
0,0,0,1,1,0,1,20250622,20250629,290
0,0,0,1,1,1,0,20250612,20250614,562
0,0,0,1,1,1,0,20250614,20250705,904
0,0,0,1,1,1,0,20250619,20250621,3
0,0,0,1,1,1,0,20250626,20250628,407
0,0,0,1,1,1,0,20250703,20250705,75
0,0,0,1,1,1,1,20250608,20250614,771
0,0,0,1,1,1,1,20250620,20250702,846
0,0,0,1,1,1,1,20250621,20250628,387
0,0,0,1,1,1,1,20250621,20250629,974
0,0,0,1,1,1,1,20250703,20250706,409
0,0,1,0,0,0,0,20250610,20250619,953
0,0,1,0,0,0,0,20250611,20250618,329
0,0,1,0,0,0,1,20250608,20250611,501
0,0,1,0,0,0,1,20250615,20250618,413
0,0,1,0,0,0,1,20250615,20250703,791
0,0,1,0,0,0,1,20250621,20250629,431
0,0,1,0,0,0,1,20250629,20250702,1070
0,0,1,0,0,0,1,20250702,20250706,971
0,0,1,0,0,1,1,20250610,20250622,145
0,0,1,0,0,1,1,20250615,20250702,443
0,0,1,0,1,0,0,20250611,20250613,731
0,0,1,0,1,0,0,20250613,20250618,63
0,0,1,0,1,0,0,20250618,20250620,739
0,0,1,0,1,0,0,20250625,20250627,758
0,0,1,0,1,0,0,20250702,20250704,1126
0,0,1,0,1,0,1,20250629,20250708,712
0,0,1,1,0,0,0,20250611,20250612,335
0,0,1,1,0,0,0,20250618,20250619,1103
0,0,1,1,0,0,0,20250625,20250626,872
0,0,1,1,0,0,0,20250702,20250703,958
0,0,1,1,0,0,0,20250702,20250708,906
0,0,1,1,1,0,0,20250608,20250705,585
0,0,1,1,1,0,0,20250611,20250613,612
0,0,1,1,1,0,0,20250611,20250613,808
0,0,1,1,1,0,0,20250613,20250619,468
0,0,1,1,1,0,0,20250613,20250620,516
0,0,1,1,1,0,0,20250618,20250620,780
0,0,1,1,1,0,0,20250625,20250706,1007
0,0,1,1,1,0,0,20250702,20250706,663
0,0,1,1,1,1,0,20250611,20250614,711
0,0,1,1,1,1,0,20250625,20250628,236
0,0,1,1,1,1,1,20250611,20250615,324
0,1,0,0,0,0,0,20250701,20250708,318
0,1,0,0,0,0,1,20250608,20250610,470
0,1,0,0,0,0,1,20250615,20250617,1044
0,1,0,0,0,0,1,20250706,20250708,1151
0,1,0,0,0,0,1,20250706,20250708,444
0,1,0,0,0,1,0,20250610,20250614,308
0,1,0,0,0,1,0,20250610,20250614,499
0,1,0,0,0,1,0,20250628,20250701,403
0,1,0,0,0,1,1,20250615,20250629,842
0,1,0,0,0,1,1,20250705,20250708,941
0,1,0,0,1,0,0,20250610,20250613,922
0,1,0,0,1,0,0,20250624,20250627,1074
0,1,0,0,1,1,0,20250613,20250617,315
0,1,0,1,0,0,0,20250610,20250612,193
0,1,0,1,0,0,0,20250617,20250619,400
0,1,0,1,0,0,0,20250624,20250626,423
0,1,0,1,0,0,0,20250624,20250626,624
0,1,0,1,0,0,0,20250701,20250708,312
0,1,0,1,0,0,1,20250615,20250619,454
0,1,0,1,0,1,0,20250621,20250626,350
0,1,0,1,0,1,1,20250615,20250625,565
0,1,0,1,1,0,0,20250610,20250613,216
0,1,0,1,1,0,0,20250610,20250627,1082
0,1,0,1,1,0,0,20250624,20250627,895
0,1,0,1,1,0,0,20250703,20250708,477
0,1,0,1,1,0,1,20250629,20250706,1152
0,1,0,1,1,1,1,20250608,20250614,728
0,1,1,0,0,0,0,20250610,20250611,253
0,1,1,0,0,0,0,20250610,20250611,8
0,1,1,0,0,0,0,20250617,20250618,265
0,1,1,0,0,0,0,20250618,20250624,445
0,1,1,0,0,0,0,20250619,20250701,4
0,1,1,0,0,0,0,20250624,20250625,784
0,1,1,0,0,0,0,20250624,20250629,1105
0,1,1,0,0,0,0,20250701,20250702,330
0,1,1,0,0,0,1,20250611,20250708,653
0,1,1,0,0,0,1,20250706,20250707,177
0,1,1,0,0,1,0,20250610,20250614,713
0,1,1,0,1,0,0,20250610,20250613,983
0,1,1,0,1,0,0,20250617,20250620,119
0,1,1,0,1,0,1,20250608,20250622,472
0,1,1,0,1,1,0,20250617,20250621,823
0,1,1,0,1,1,1,20250620,20250703,844
0,1,1,1,0,0,0,20250608,20250618,717
0,1,1,1,0,0,0,20250610,20250612,521
0,1,1,1,0,0,0,20250610,20250612,788
0,1,1,1,0,0,0,20250610,20250615,577
0,1,1,1,0,0,0,20250610,20250703,199
0,1,1,1,0,0,0,20250617,20250619,244
0,1,1,1,0,0,0,20250624,20250626,426
0,1,1,1,0,0,0,20250624,20250626,519
0,1,1,1,0,0,0,20250701,20250703,1036
0,1,1,1,0,0,0,20250701,20250708,572
0,1,1,1,0,0,0,20250702,20250708,206
0,1,1,1,0,0,1,20250608,20250612,1028
0,1,1,1,0,0,1,20250608,20250620,792
0,1,1,1,0,0,1,20250616,20250703,611
0,1,1,1,0,0,1,20250701,20250708,181
0,1,1,1,0,1,0,20250610,20250614,1116
0,1,1,1,0,1,0,20250701,20250708,703
0,1,1,1,0,1,1,20250608,20250614,353
0,1,1,1,1,0,0,20250610,20250613,347
0,1,1,1,1,0,0,20250610,20250613,358
0,1,1,1,1,0,0,20250610,20250613,55
0,1,1,1,1,0,0,20250610,20250613,729
0,1,1,1,1,0,0,20250610,20250708,155
0,1,1,1,1,0,0,20250610,20250708,627
0,1,1,1,1,0,0,20250611,20250618,626
0,1,1,1,1,0,0,20250617,20250626,158
0,1,1,1,1,0,0,20250617,20250708,238
0,1,1,1,1,0,0,20250622,20250705,541
0,1,1,1,1,0,0,20250624,20250627,432
0,1,1,1,1,0,0,20250625,20250708,934
0,1,1,1,1,0,0,20250627,20250708,1149
0,1,1,1,1,0,0,20250630,20250708,112
0,1,1,1,1,0,0,20250701,20250704,373
0,1,1,1,1,0,1,20250608,20250620,1026
0,1,1,1,1,0,1,20250608,20250622,694
0,1,1,1,1,0,1,20250609,20250703,1095
0,1,1,1,1,0,1,20250610,20250615,1130
0,1,1,1,1,0,1,20250610,20250704,339
0,1,1,1,1,0,1,20250612,20250626,12
0,1,1,1,1,0,1,20250615,20250708,457
0,1,1,1,1,0,1,20250625,20250708,1132
0,1,1,1,1,1,0,20250610,20250614,926
0,1,1,1,1,1,0,20250610,20250615,245
0,1,1,1,1,1,0,20250611,20250708,620
0,1,1,1,1,1,0,20250617,20250708,1035
0,1,1,1,1,1,0,20250620,20250627,171
0,1,1,1,1,1,0,20250624,20250628,383
0,1,1,1,1,1,0,20250630,20250708,362
0,1,1,1,1,1,0,20250701,20250705,931
0,1,1,1,1,1,1,20250608,20250614,724
0,1,1,1,1,1,1,20250608,20250626,887
0,1,1,1,1,1,1,20250608,20250704,346
0,1,1,1,1,1,1,20250608,20250704,427
0,1,1,1,1,1,1,20250610,20250615,21
0,1,1,1,1,1,1,20250614,20250627,907
0,1,1,1,1,1,1,20250615,20250708,446
0,1,1,1,1,1,1,20250615,20250708,726
0,1,1,1,1,1,1,20250621,20250705,508
0,1,1,1,1,1,1,20250621,20250708,232
0,1,1,1,1,1,1,20250624,20250629,622
0,1,1,1,1,1,1,20250627,20250708,898
0,1,1,1,1,1,1,20250701,20250708,67
1,0,0,0,0,0,0,20250609,20250623,513
1,0,0,0,0,0,0,20250610,20250623,189
1,0,0,0,0,0,0,20250610,20250630,105
1,0,0,0,0,0,0,20250616,20250623,377
1,0,0,0,0,0,0,20250616,20250630,935
1,0,0,0,0,0,0,20250616,20250707,156
1,0,0,0,0,0,0,20250620,20250630,70
1,0,0,0,0,0,0,20250623,20250630,896
1,0,0,0,0,0,0,20250629,20250707,1066
1,0,0,0,0,0,0,20250630,20250707,795
1,0,0,0,0,0,1,20250608,20250609,15
1,0,0,0,0,0,1,20250608,20250609,553
1,0,0,0,0,0,1,20250608,20250609,751
1,0,0,0,0,0,1,20250608,20250609,900
1,0,0,0,0,0,1,20250608,20250615,9
1,0,0,0,0,0,1,20250609,20250615,781
1,0,0,0,0,0,1,20250615,20250616,798
1,0,0,0,0,0,1,20250616,20250629,411
1,0,0,0,0,0,1,20250622,20250623,309
1,0,0,0,0,0,1,20250628,20250706,1076
1,0,0,0,0,0,1,20250629,20250630,1073
1,0,0,0,0,1,0,20250609,20250614,826
1,0,0,0,0,1,0,20250609,20250615,1135
1,0,0,0,0,1,0,20250614,20250616,992
1,0,0,0,0,1,0,20250614,20250701,668
1,0,0,0,0,1,0,20250614,20250701,948
1,0,0,0,0,1,0,20250616,20250630,608
1,0,0,0,0,1,0,20250621,20250623,688
1,0,0,0,0,1,0,20250628,20250705,31
1,0,0,0,0,1,0,20250705,20250707,331
1,0,0,0,0,1,1,20250608,20250614,497
1,0,0,0,0,1,1,20250608,20250614,725
1,0,0,0,0,1,1,20250608,20250614,736
1,0,0,0,0,1,1,20250608,20250615,827
1,0,0,0,0,1,1,20250609,20250615,877
1,0,0,0,0,1,1,20250609,20250616,144
1,0,0,0,0,1,1,20250616,20250629,587
1,0,0,0,0,1,1,20250621,20250623,93
1,0,0,0,0,1,1,20250628,20250630,416
1,0,0,0,1,0,0,20250609,20250613,523
1,0,0,0,1,0,0,20250609,20250613,804
1,0,0,0,1,0,0,20250609,20250613,932
1,0,0,0,1,0,0,20250620,20250623,855
1,0,0,0,1,0,0,20250620,20250704,551
1,0,0,0,1,0,0,20250630,20250704,1047
1,0,0,0,1,0,1,20250608,20250613,763
1,0,0,0,1,0,1,20250609,20250615,435
1,0,0,0,1,0,1,20250615,20250620,441
1,0,0,0,1,0,1,20250621,20250627,62
1,0,0,0,1,1,0,20250630,20250705,821
1,0,0,0,1,1,1,20250608,20250614,899
1,0,0,0,1,1,1,20250628,20250704,354
1,0,0,1,0,0,0,20250608,20250626,223
1,0,0,1,0,0,0,20250609,20250612,243
1,0,0,1,0,0,0,20250616,20250619,134
1,0,0,1,0,0,0,20250616,20250623,840
1,0,0,1,0,0,0,20250619,20250626,275
1,0,0,1,0,0,0,20250619,20250628,473
1,0,0,1,0,0,0,20250623,20250626,865
1,0,0,1,0,0,0,20250630,20250703,230
1,0,0,1,0,0,1,20250608,20250612,1106
1,0,0,1,0,0,1,20250608,20250618,104
1,0,0,1,0,0,1,20250610,20250618,65
1,0,0,1,0,0,1,20250616,20250626,495
1,0,0,1,0,1,1,20250608,20250614,746
1,0,0,1,0,1,1,20250608,20250621,492
1,0,0,1,1,0,1,20250608,20250627,966
1,0,0,1,1,0,1,20250609,20250619,178
1,0,0,1,1,1,0,20250616,20250704,770
1,0,0,1,1,1,1,20250608,20250708,440
1,0,0,1,1,1,1,20250612,20250616,364
1,0,0,1,1,1,1,20250614,20250627,393
1,0,1,0,0,0,0,20250609,20250611,534
1,0,1,0,0,0,0,20250616,20250618,424
1,0,1,0,0,0,0,20250616,20250625,1087
1,0,1,0,0,0,0,20250623,20250625,580
1,0,1,0,0,0,0,20250630,20250702,332
1,0,1,0,0,0,0,20250630,20250707,836
1,0,1,0,0,0,1,20250608,20250611,307
1,0,1,0,0,0,1,20250615,20250618,185
1,0,1,0,0,1,1,20250608,20250614,503
1,0,1,0,1,0,0,20250616,20250708,183
1,0,1,0,1,0,1,20250608,20250613,628
1,0,1,0,1,0,1,20250615,20250627,660
1,0,1,0,1,1,1,20250616,20250625,71
1,0,1,1,0,0,0,20250609,20250612,83
1,0,1,1,0,0,0,20250609,20250622,496
1,0,1,1,0,0,0,20250609,20250707,247
1,0,1,1,0,0,0,20250616,20250630,28
1,0,1,1,0,0,0,20250618,20250623,378
1,0,1,1,0,0,0,20250620,20250701,221
1,0,1,1,0,0,0,20250623,20250626,987
1,0,1,1,0,1,0,20250609,20250614,1081
1,0,1,1,0,1,0,20250616,20250626,328
1,0,1,1,0,1,1,20250623,20250629,291
1,0,1,1,1,0,0,20250609,20250613,775
1,0,1,1,1,0,0,20250630,20250704,500
1,0,1,1,1,0,0,20250702,20250707,1131
1,0,1,1,1,0,1,20250608,20250615,796
1,0,1,1,1,0,1,20250627,20250708,1056
1,0,1,1,1,1,0,20250611,20250616,997
1,0,1,1,1,1,0,20250623,20250628,212
1,0,1,1,1,1,1,20250608,20250614,292
1,0,1,1,1,1,1,20250608,20250626,1142
1,0,1,1,1,1,1,20250608,20250627,913
1,0,1,1,1,1,1,20250609,20250705,1146
1,0,1,1,1,1,1,20250611,20250616,352
1,1,0,0,0,0,0,20250609,20250610,36
1,1,0,0,0,0,0,20250610,20250708,194
1,1,0,0,0,0,0,20250616,20250617,172
1,1,0,0,0,0,0,20250616,20250617,283
1,1,0,0,0,0,0,20250616,20250623,481
1,1,0,0,0,0,0,20250623,20250624,532
1,1,0,0,0,0,0,20250630,20250701,1051
1,1,0,0,0,0,0,20250630,20250708,639
1,1,0,0,0,0,0,20250701,20250708,2
1,1,0,0,0,0,0,20250707,20250708,1114
1,1,0,0,0,0,1,20250608,20250610,485
1,1,0,0,0,0,1,20250608,20250610,614
1,1,0,0,0,0,1,20250608,20250610,95
1,1,0,0,0,0,1,20250615,20250617,344
1,1,0,0,0,0,1,20250615,20250617,596
1,1,0,0,0,0,1,20250615,20250627,957
1,1,0,0,0,0,1,20250706,20250708,343
1,1,0,0,0,0,1,20250706,20250708,363
1,1,0,0,0,0,1,20250706,20250708,578
1,1,0,0,0,1,0,20250705,20250708,351
1,1,0,0,0,1,1,20250608,20250614,566
1,1,0,0,0,1,1,20250608,20250614,809
1,1,0,0,0,1,1,20250615,20250626,486
1,1,0,0,0,1,1,20250615,20250627,1140
1,1,0,0,0,1,1,20250701,20250708,1063
1,1,0,0,0,1,1,20250705,20250708,586
1,1,0,0,1,0,0,20250616,20250620,313
1,1,0,0,1,0,0,20250616,20250623,107
1,1,0,0,1,0,0,20250616,20250626,1115
1,1,0,0,1,0,0,20250616,20250708,550
1,1,0,0,1,0,0,20250630,20250704,767
1,1,0,0,1,0,1,20250608,20250613,556
1,1,0,0,1,0,1,20250615,20250620,1059
1,1,0,0,1,0,1,20250615,20250626,905
1,1,0,0,1,1,0,20250616,20250626,1107
1,1,0,0,1,1,0,20250704,20250708,547
1,1,0,0,1,1,1,20250608,20250614,709
1,1,0,0,1,1,1,20250608,20250620,386
1,1,0,0,1,1,1,20250615,20250622,277
1,1,0,0,1,1,1,20250615,20250626,257
1,1,0,0,1,1,1,20250616,20250626,918
1,1,0,0,1,1,1,20250616,20250708,425
1,1,0,0,1,1,1,20250704,20250708,210
1,1,0,1,0,0,0,20250609,20250612,510
1,1,0,1,0,0,0,20250610,20250620,768
1,1,0,1,0,0,0,20250616,20250708,979
1,1,0,1,0,0,0,20250623,20250626,641
1,1,0,1,0,0,0,20250625,20250703,1078
1,1,0,1,0,0,1,20250608,20250612,814
1,1,0,1,0,0,1,20250623,20250626,645
1,1,0,1,0,0,1,20250703,20250706,18
1,1,0,1,0,1,1,20250623,20250629,720
1,1,0,1,1,0,0,20250609,20250613,58
1,1,0,1,1,0,0,20250610,20250704,143
1,1,0,1,1,0,0,20250703,20250708,537
1,1,0,1,1,0,1,20250608,20250613,397
1,1,0,1,1,0,1,20250609,20250627,759
1,1,0,1,1,0,1,20250610,20250622,597
1,1,0,1,1,0,1,20250629,20250706,946
1,1,0,1,1,1,0,20250628,20250706,164
1,1,0,1,1,1,1,20250608,20250614,760
1,1,0,1,1,1,1,20250608,20250615,930
1,1,0,1,1,1,1,20250608,20250708,1128
1,1,0,1,1,1,1,20250608,20250708,184
1,1,0,1,1,1,1,20250615,20250626,837
1,1,0,1,1,1,1,20250615,20250704,810
1,1,0,1,1,1,1,20250615,20250708,38
1,1,0,1,1,1,1,20250621,20250708,475
1,1,0,1,1,1,1,20250621,20250708,772
1,1,1,0,0,0,0,20250609,20250611,529
1,1,1,0,0,0,0,20250609,20250611,72
1,1,1,0,0,0,0,20250611,20250708,288
1,1,1,0,0,0,0,20250616,20250618,1067
1,1,1,0,0,0,0,20250616,20250618,623
1,1,1,0,0,0,0,20250616,20250624,604
1,1,1,0,0,0,0,20250616,20250626,752
1,1,1,0,0,0,0,20250616,20250627,161
1,1,1,0,0,0,0,20250623,20250625,978
1,1,1,0,0,0,0,20250623,20250707,482
1,1,1,0,0,0,0,20250630,20250702,159
1,1,1,0,0,0,0,20250630,20250702,845
1,1,1,0,0,0,0,20250630,20250707,1117
1,1,1,0,0,0,0,20250630,20250708,1011
1,1,1,0,0,0,1,20250608,20250611,281
1,1,1,0,0,0,1,20250610,20250616,360
1,1,1,0,0,0,1,20250610,20250622,22
1,1,1,0,0,0,1,20250615,20250618,269
1,1,1,0,0,0,1,20250615,20250618,939
1,1,1,0,0,0,1,20250615,20250622,233
1,1,1,0,0,0,1,20250615,20250627,684
1,1,1,0,0,0,1,20250617,20250629,405
1,1,1,0,0,0,1,20250622,20250625,376
1,1,1,0,0,0,1,20250627,20250706,151
1,1,1,0,0,0,1,20250627,20250708,389
1,1,1,0,0,0,1,20250629,20250702,902
1,1,1,0,0,1,0,20250616,20250703,886
1,1,1,0,0,1,0,20250617,20250708,927
1,1,1,0,0,1,0,20250618,20250628,885
1,1,1,0,0,1,1,20250608,20250614,125
1,1,1,0,0,1,1,20250608,20250626,1062
1,1,1,0,0,1,1,20250610,20250625,692
1,1,1,0,0,1,1,20250614,20250618,1090
1,1,1,0,0,1,1,20250628,20250702,923
1,1,1,0,0,1,1,20250628,20250706,1
1,1,1,0,1,0,0,20250608,20250620,634
1,1,1,0,1,0,0,20250609,20250613,989
1,1,1,0,1,0,0,20250610,20250620,1032
1,1,1,0,1,0,0,20250610,20250620,841
1,1,1,0,1,0,0,20250610,20250627,46
1,1,1,0,1,0,0,20250610,20250704,1060
1,1,1,0,1,0,0,20250610,20250708,319
1,1,1,0,1,0,0,20250611,20250620,949
1,1,1,0,1,0,0,20250613,20250627,388
1,1,1,0,1,0,0,20250613,20250708,225
1,1,1,0,1,0,0,20250615,20250625,122
1,1,1,0,1,0,0,20250615,20250626,1012
1,1,1,0,1,0,0,20250615,20250627,1120
1,1,1,0,1,0,0,20250616,20250620,355
1,1,1,0,1,0,0,20250616,20250620,374
1,1,1,0,1,0,0,20250616,20250620,648
1,1,1,0,1,0,0,20250616,20250620,777
1,1,1,0,1,0,0,20250616,20250626,1085
1,1,1,0,1,0,0,20250616,20250626,530
1,1,1,0,1,0,0,20250616,20250627,1088
1,1,1,0,1,0,0,20250616,20250627,130
1,1,1,0,1,0,0,20250616,20250704,117
1,1,1,0,1,0,0,20250616,20250704,13
1,1,1,0,1,0,0,20250616,20250708,1096
1,1,1,0,1,0,0,20250621,20250627,765
1,1,1,0,1,0,0,20250628,20250707,74
1,1,1,0,1,0,1,20250608,20250613,133
1,1,1,0,1,0,1,20250608,20250622,84
1,1,1,0,1,0,1,20250615,20250620,370
1,1,1,0,1,0,1,20250615,20250620,452
1,1,1,0,1,0,1,20250615,20250620,647
1,1,1,0,1,0,1,20250615,20250626,815
1,1,1,0,1,0,1,20250615,20250627,1027
1,1,1,0,1,0,1,20250615,20250627,323
1,1,1,0,1,0,1,20250615,20250627,340
1,1,1,0,1,0,1,20250615,20250708,696
1,1,1,0,1,0,1,20250616,20250626,830
1,1,1,0,1,0,1,20250616,20250627,102
1,1,1,0,1,0,1,20250622,20250629,1144
1,1,1,0,1,0,1,20250629,20250704,914
1,1,1,0,1,1,0,20250609,20250628,806
1,1,1,0,1,1,0,20250612,20250625,375
1,1,1,0,1,1,0,20250613,20250620,799
1,1,1,0,1,1,0,20250616,20250626,1069
1,1,1,0,1,1,0,20250616,20250628,920
1,1,1,0,1,1,0,20250616,20250704,128
1,1,1,0,1,1,0,20250623,20250628,1148
1,1,1,0,1,1,0,20250628,20250705,88
1,1,1,0,1,1,0,20250702,20250708,142
1,1,1,0,1,1,1,20250608,20250614,1102
1,1,1,0,1,1,1,20250608,20250615,207
1,1,1,0,1,1,1,20250608,20250620,769
1,1,1,0,1,1,1,20250608,20250625,478
1,1,1,0,1,1,1,20250608,20250627,954
1,1,1,0,1,1,1,20250608,20250704,994
1,1,1,0,1,1,1,20250610,20250708,1127
1,1,1,0,1,1,1,20250613,20250618,933
1,1,1,0,1,1,1,20250613,20250629,51
1,1,1,0,1,1,1,20250614,20250620,589
1,1,1,0,1,1,1,20250614,20250627,327
1,1,1,0,1,1,1,20250615,20250622,131
1,1,1,0,1,1,1,20250615,20250625,990
1,1,1,0,1,1,1,20250615,20250626,141
1,1,1,0,1,1,1,20250615,20250629,267
1,1,1,0,1,1,1,20250615,20250704,1121
1,1,1,0,1,1,1,20250615,20250704,880
1,1,1,0,1,1,1,20250615,20250708,1042
1,1,1,0,1,1,1,20250616,20250622,569
1,1,1,0,1,1,1,20250616,20250626,786
1,1,1,0,1,1,1,20250623,20250706,294
1,1,1,1,0,0,0,20250608,20250617,118
1,1,1,1,0,0,0,20250609,20250612,417
1,1,1,1,0,0,0,20250609,20250626,436
1,1,1,1,0,0,0,20250609,20250626,858
1,1,1,1,0,0,0,20250609,20250708,1023
1,1,1,1,0,0,0,20250610,20250619,884
1,1,1,1,0,0,0,20250610,20250626,1019
1,1,1,1,0,0,0,20250610,20250626,169
1,1,1,1,0,0,0,20250610,20250626,785
1,1,1,1,0,0,0,20250610,20250626,970
1,1,1,1,0,0,0,20250610,20250626,981
1,1,1,1,0,0,0,20250610,20250703,153
1,1,1,1,0,0,0,20250610,20250708,191
1,1,1,1,0,0,0,20250611,20250626,217
1,1,1,1,0,0,0,20250614,20250619,873
1,1,1,1,0,0,0,20250615,20250706,246
1,1,1,1,0,0,0,20250616,20250619,59
1,1,1,1,0,0,0,20250616,20250626,571
1,1,1,1,0,0,0,20250616,20250626,89
1,1,1,1,0,0,0,20250616,20250627,303
1,1,1,1,0,0,0,20250616,20250627,320
1,1,1,1,0,0,0,20250616,20250703,1030
1,1,1,1,0,0,0,20250616,20250708,195
1,1,1,1,0,0,0,20250616,20250708,590
1,1,1,1,0,0,0,20250616,20250708,890
1,1,1,1,0,0,0,20250616,20250708,984
1,1,1,1,0,0,0,20250617,20250626,998
1,1,1,1,0,0,0,20250623,20250626,581
1,1,1,1,0,0,0,20250623,20250626,583
1,1,1,1,0,0,0,20250623,20250626,924
1,1,1,1,0,0,0,20250623,20250630,420
1,1,1,1,0,0,0,20250623,20250701,226
1,1,1,1,0,0,0,20250623,20250708,174
1,1,1,1,0,0,0,20250624,20250626,341
1,1,1,1,0,0,0,20250626,20250708,1093
1,1,1,1,0,0,0,20250630,20250703,208
1,1,1,1,0,0,0,20250630,20250703,258
1,1,1,1,0,0,0,20250630,20250703,721
1,1,1,1,0,0,0,20250630,20250708,190
1,1,1,1,0,0,0,20250701,20250708,302
1,1,1,1,0,0,1,20250608,20250612,1013
1,1,1,1,0,0,1,20250608,20250612,524
1,1,1,1,0,0,1,20250608,20250620,602
1,1,1,1,0,0,1,20250608,20250626,231
1,1,1,1,0,0,1,20250608,20250708,1099
1,1,1,1,0,0,1,20250608,20250708,398
1,1,1,1,0,0,1,20250609,20250626,1104
1,1,1,1,0,0,1,20250610,20250626,1112
1,1,1,1,0,0,1,20250615,20250619,852
1,1,1,1,0,0,1,20250615,20250627,517
1,1,1,1,0,0,1,20250615,20250703,453
1,1,1,1,0,0,1,20250615,20250703,466
1,1,1,1,0,0,1,20250615,20250703,916
1,1,1,1,0,0,1,20250615,20250708,632
1,1,1,1,0,0,1,20250616,20250708,1094
1,1,1,1,0,0,1,20250616,20250708,701
1,1,1,1,0,0,1,20250622,20250626,525
1,1,1,1,0,0,1,20250629,20250706,371
1,1,1,1,0,0,1,20250629,20250708,616
1,1,1,1,0,0,1,20250630,20250706,456
1,1,1,1,0,0,1,20250630,20250708,944
1,1,1,1,0,1,0,20250609,20250614,1037
1,1,1,1,0,1,0,20250610,20250626,635
1,1,1,1,0,1,0,20250616,20250622,1147
1,1,1,1,0,1,0,20250628,20250703,395
1,1,1,1,0,1,0,20250628,20250705,702
1,1,1,1,0,1,0,20250630,20250705,248
1,1,1,1,0,1,1,20250608,20250614,252
1,1,1,1,0,1,1,20250608,20250621,708
1,1,1,1,0,1,1,20250608,20250703,458
1,1,1,1,0,1,1,20250608,20250704,262
1,1,1,1,0,1,1,20250609,20250626,168
1,1,1,1,0,1,1,20250610,20250620,761
1,1,1,1,0,1,1,20250616,20250708,1113
1,1,1,1,0,1,1,20250621,20250626,34
1,1,1,1,0,1,1,20250621,20250708,219
1,1,1,1,0,1,1,20250621,20250708,43
1,1,1,1,0,1,1,20250623,20250629,901
1,1,1,1,0,1,1,20250627,20250708,879
1,1,1,1,0,1,1,20250628,20250703,110
1,1,1,1,0,1,1,20250628,20250706,24
1,1,1,1,0,1,1,20250628,20250708,730
1,1,1,1,1,0,0,20250608,20250620,866
1,1,1,1,1,0,0,20250608,20250704,835
1,1,1,1,1,0,0,20250608,20250708,213
1,1,1,1,1,0,0,20250608,20250708,526
1,1,1,1,1,0,0,20250609,20250613,1040
1,1,1,1,1,0,0,20250609,20250623,270
1,1,1,1,1,0,0,20250609,20250627,1053
1,1,1,1,1,0,0,20250609,20250704,111
1,1,1,1,1,0,0,20250609,20250708,1061
1,1,1,1,1,0,0,20250609,20250708,570
1,1,1,1,1,0,0,20250609,20250708,682
1,1,1,1,1,0,0,20250610,20250616,96
1,1,1,1,1,0,0,20250610,20250620,200
1,1,1,1,1,0,0,20250610,20250620,316
1,1,1,1,1,0,0,20250610,20250620,514
1,1,1,1,1,0,0,20250610,20250620,869
1,1,1,1,1,0,0,20250610,20250623,734
1,1,1,1,1,0,0,20250610,20250626,1003
1,1,1,1,1,0,0,20250610,20250626,661
1,1,1,1,1,0,0,20250610,20250627,116
1,1,1,1,1,0,0,20250610,20250627,278
1,1,1,1,1,0,0,20250610,20250627,418
1,1,1,1,1,0,0,20250610,20250627,662
1,1,1,1,1,0,0,20250610,20250627,707
1,1,1,1,1,0,0,20250610,20250627,819
1,1,1,1,1,0,0,20250610,20250627,950
1,1,1,1,1,0,0,20250610,20250627,972
1,1,1,1,1,0,0,20250610,20250701,94
1,1,1,1,1,0,0,20250610,20250704,147
1,1,1,1,1,0,0,20250610,20250704,235
1,1,1,1,1,0,0,20250610,20250704,37
1,1,1,1,1,0,0,20250610,20250704,889
1,1,1,1,1,0,0,20250610,20250708,1034
1,1,1,1,1,0,0,20250610,20250708,1077
1,1,1,1,1,0,0,20250610,20250708,120
1,1,1,1,1,0,0,20250610,20250708,19
1,1,1,1,1,0,0,20250610,20250708,6
1,1,1,1,1,0,0,20250610,20250708,603
1,1,1,1,1,0,0,20250610,20250708,679
1,1,1,1,1,0,0,20250610,20250708,69
1,1,1,1,1,0,0,20250610,20250708,853
1,1,1,1,1,0,0,20250611,20250626,356
1,1,1,1,1,0,0,20250611,20250708,99
1,1,1,1,1,0,0,20250612,20250627,665
1,1,1,1,1,0,0,20250612,20250630,27
1,1,1,1,1,0,0,20250612,20250708,139
1,1,1,1,1,0,0,20250612,20250708,689
1,1,1,1,1,0,0,20250613,20250704,598
1,1,1,1,1,0,0,20250613,20250708,1068
1,1,1,1,1,0,0,20250615,20250706,1089
1,1,1,1,1,0,0,20250615,20250706,870
1,1,1,1,1,0,0,20250616,20250620,1138
1,1,1,1,1,0,0,20250616,20250620,32
1,1,1,1,1,0,0,20250616,20250620,740
1,1,1,1,1,0,0,20250616,20250623,1097
1,1,1,1,1,0,0,20250616,20250624,53
1,1,1,1,1,0,0,20250616,20250625,305
1,1,1,1,1,0,0,20250616,20250626,196
1,1,1,1,1,0,0,20250616,20250627,127
1,1,1,1,1,0,0,20250616,20250627,536
1,1,1,1,1,0,0,20250616,20250627,68
1,1,1,1,1,0,0,20250616,20250627,951
1,1,1,1,1,0,0,20250616,20250704,1049
1,1,1,1,1,0,0,20250616,20250704,173
1,1,1,1,1,0,0,20250616,20250704,381
1,1,1,1,1,0,0,20250616,20250704,502
1,1,1,1,1,0,0,20250616,20250704,878
1,1,1,1,1,0,0,20250616,20250705,1118
1,1,1,1,1,0,0,20250616,20250706,152
1,1,1,1,1,0,0,20250616,20250708,279
1,1,1,1,1,0,0,20250616,20250708,287
1,1,1,1,1,0,0,20250616,20250708,48
1,1,1,1,1,0,0,20250616,20250708,643
1,1,1,1,1,0,0,20250616,20250708,928
1,1,1,1,1,0,0,20250616,20250708,960
1,1,1,1,1,0,0,20250617,20250627,106
1,1,1,1,1,0,0,20250617,20250627,30
1,1,1,1,1,0,0,20250617,20250627,685
1,1,1,1,1,0,0,20250617,20250627,938
1,1,1,1,1,0,0,20250617,20250708,558
1,1,1,1,1,0,0,20250619,20250625,42
1,1,1,1,1,0,0,20250619,20250708,888
1,1,1,1,1,0,0,20250620,20250627,382
1,1,1,1,1,0,0,20250620,20250708,100
1,1,1,1,1,0,0,20250622,20250704,25
1,1,1,1,1,0,0,20250623,20250627,348
1,1,1,1,1,0,0,20250623,20250627,39
1,1,1,1,1,0,0,20250623,20250627,921
1,1,1,1,1,0,0,20250623,20250627,999
1,1,1,1,1,0,0,20250623,20250704,1091
1,1,1,1,1,0,0,20250623,20250707,710
1,1,1,1,1,0,0,20250623,20250708,357
1,1,1,1,1,0,0,20250624,20250627,674
1,1,1,1,1,0,0,20250626,20250707,255
1,1,1,1,1,0,0,20250627,20250708,1123
1,1,1,1,1,0,0,20250629,20250707,824
1,1,1,1,1,0,0,20250630,20250704,1046
1,1,1,1,1,0,0,20250630,20250707,438
1,1,1,1,1,0,0,20250630,20250708,690
1,1,1,1,1,0,0,20250701,20250704,108
1,1,1,1,1,0,0,20250702,20250708,35
1,1,1,1,1,0,1,20250608,20250613,97
1,1,1,1,1,0,1,20250608,20250619,81
1,1,1,1,1,0,1,20250608,20250620,1110
1,1,1,1,1,0,1,20250608,20250620,542
1,1,1,1,1,0,1,20250608,20250620,704
1,1,1,1,1,0,1,20250608,20250626,414
1,1,1,1,1,0,1,20250608,20250626,543
1,1,1,1,1,0,1,20250608,20250626,560
1,1,1,1,1,0,1,20250608,20250627,239
1,1,1,1,1,0,1,20250608,20250627,655
1,1,1,1,1,0,1,20250608,20250627,706
1,1,1,1,1,0,1,20250608,20250629,1083
1,1,1,1,1,0,1,20250608,20250708,176
1,1,1,1,1,0,1,20250608,20250708,325
1,1,1,1,1,0,1,20250608,20250708,336
1,1,1,1,1,0,1,20250608,20250708,49
1,1,1,1,1,0,1,20250608,20250708,493
1,1,1,1,1,0,1,20250608,20250708,538
1,1,1,1,1,0,1,20250609,20250615,897
1,1,1,1,1,0,1,20250609,20250619,47
1,1,1,1,1,0,1,20250609,20250620,334
1,1,1,1,1,0,1,20250609,20250620,755
1,1,1,1,1,0,1,20250609,20250626,92
1,1,1,1,1,0,1,20250609,20250627,241
1,1,1,1,1,0,1,20250609,20250629,50
1,1,1,1,1,0,1,20250609,20250629,695
1,1,1,1,1,0,1,20250609,20250703,522
1,1,1,1,1,0,1,20250609,20250708,261
1,1,1,1,1,0,1,20250610,20250622,621
1,1,1,1,1,0,1,20250610,20250704,103
1,1,1,1,1,0,1,20250610,20250708,459
1,1,1,1,1,0,1,20250611,20250708,552
1,1,1,1,1,0,1,20250611,20250708,615
1,1,1,1,1,0,1,20250612,20250706,337
1,1,1,1,1,0,1,20250613,20250620,1054
1,1,1,1,1,0,1,20250613,20250708,985
1,1,1,1,1,0,1,20250615,20250620,559
1,1,1,1,1,0,1,20250615,20250620,666
1,1,1,1,1,0,1,20250615,20250620,838
1,1,1,1,1,0,1,20250615,20250622,656
1,1,1,1,1,0,1,20250615,20250625,915
1,1,1,1,1,0,1,20250615,20250627,1084
1,1,1,1,1,0,1,20250615,20250627,584
1,1,1,1,1,0,1,20250615,20250704,1024
1,1,1,1,1,0,1,20250615,20250704,638
1,1,1,1,1,0,1,20250615,20250704,867
1,1,1,1,1,0,1,20250615,20250708,1020
1,1,1,1,1,0,1,20250615,20250708,476
1,1,1,1,1,0,1,20250615,20250708,988
1,1,1,1,1,0,1,20250616,20250624,1039
1,1,1,1,1,0,1,20250616,20250707,659
1,1,1,1,1,0,1,20250616,20250708,321
1,1,1,1,1,0,1,20250616,20250708,644
1,1,1,1,1,0,1,20250616,20250708,839
1,1,1,1,1,0,1,20250617,20250627,555
1,1,1,1,1,0,1,20250617,20250627,756
1,1,1,1,1,0,1,20250620,20250627,85
1,1,1,1,1,0,1,20250620,20250629,165
1,1,1,1,1,0,1,20250620,20250708,875
1,1,1,1,1,0,1,20250621,20250627,1048
1,1,1,1,1,0,1,20250621,20250627,465
1,1,1,1,1,0,1,20250622,20250629,847
1,1,1,1,1,0,1,20250622,20250708,506
1,1,1,1,1,0,1,20250623,20250627,464
1,1,1,1,1,0,1,20250623,20250704,545
1,1,1,1,1,0,1,20250627,20250706,1133
1,1,1,1,1,0,1,20250627,20250708,250
1,1,1,1,1,0,1,20250627,20250708,56
1,1,1,1,1,0,1,20250629,20250704,925
1,1,1,1,1,0,1,20250629,20250706,132
1,1,1,1,1,0,1,20250629,20250706,361
1,1,1,1,1,0,1,20250630,20250707,295
1,1,1,1,1,0,1,20250630,20250708,399
1,1,1,1,1,1,0,20250608,20250625,531
1,1,1,1,1,1,0,20250608,20250627,1072
1,1,1,1,1,1,0,20250608,20250627,304
1,1,1,1,1,1,0,20250608,20250708,1150
1,1,1,1,1,1,0,20250608,20250708,995
1,1,1,1,1,1,0,20250609,20250614,745
1,1,1,1,1,1,0,20250609,20250627,368
1,1,1,1,1,1,0,20250610,20250621,782
1,1,1,1,1,1,0,20250610,20250623,384
1,1,1,1,1,1,0,20250610,20250626,744
1,1,1,1,1,1,0,20250610,20250627,179
1,1,1,1,1,1,0,20250610,20250627,433
1,1,1,1,1,1,0,20250610,20250627,471
1,1,1,1,1,1,0,20250610,20250627,539
1,1,1,1,1,1,0,20250610,20250628,1071
1,1,1,1,1,1,0,20250610,20250628,215
1,1,1,1,1,1,0,20250610,20250704,637
1,1,1,1,1,1,0,20250610,20250704,764
1,1,1,1,1,1,0,20250610,20250708,599
1,1,1,1,1,1,0,20250610,20250708,722
1,1,1,1,1,1,0,20250610,20250708,737
1,1,1,1,1,1,0,20250611,20250626,613
1,1,1,1,1,1,0,20250614,20250626,274
1,1,1,1,1,1,0,20250615,20250708,234
1,1,1,1,1,1,0,20250616,20250621,326
1,1,1,1,1,1,0,20250616,20250621,33
1,1,1,1,1,1,0,20250616,20250622,297
1,1,1,1,1,1,0,20250616,20250622,996
1,1,1,1,1,1,0,20250616,20250626,1025
1,1,1,1,1,1,0,20250616,20250704,64
1,1,1,1,1,1,0,20250616,20250704,718
1,1,1,1,1,1,0,20250616,20250704,857
1,1,1,1,1,1,0,20250616,20250704,936
1,1,1,1,1,1,0,20250616,20250707,1137
1,1,1,1,1,1,0,20250616,20250708,1136
1,1,1,1,1,1,0,20250616,20250708,220
1,1,1,1,1,1,0,20250616,20250708,548
1,1,1,1,1,1,0,20250616,20250708,573
1,1,1,1,1,1,0,20250620,20250703,1001
1,1,1,1,1,1,0,20250620,20250704,474
1,1,1,1,1,1,0,20250621,20250705,1145
1,1,1,1,1,1,0,20250621,20250705,154
1,1,1,1,1,1,0,20250621,20250705,91
1,1,1,1,1,1,0,20250621,20250708,778
1,1,1,1,1,1,0,20250623,20250628,300
1,1,1,1,1,1,0,20250623,20250704,681
1,1,1,1,1,1,0,20250623,20250704,683
1,1,1,1,1,1,0,20250627,20250708,973
1,1,1,1,1,1,0,20250628,20250704,757
1,1,1,1,1,1,0,20250628,20250705,606
1,1,1,1,1,1,0,20250628,20250707,54
1,1,1,1,1,1,0,20250628,20250708,113
1,1,1,1,1,1,0,20250630,20250705,982
1,1,1,1,1,1,0,20250630,20250707,1041
1,1,1,1,1,1,0,20250630,20250708,693
1,1,1,1,1,1,0,20250705,20250708,123
1,1,1,1,1,1,1,20250608,20250614,664
1,1,1,1,1,1,1,20250608,20250614,789
1,1,1,1,1,1,1,20250608,20250615,442
1,1,1,1,1,1,1,20250608,20250620,610
1,1,1,1,1,1,1,20250608,20250621,450
1,1,1,1,1,1,1,20250608,20250623,909
1,1,1,1,1,1,1,20250608,20250625,582
1,1,1,1,1,1,1,20250608,20250626,192
1,1,1,1,1,1,1,20250608,20250626,349
1,1,1,1,1,1,1,20250608,20250626,678
1,1,1,1,1,1,1,20250608,20250627,114
1,1,1,1,1,1,1,20250608,20250627,715
1,1,1,1,1,1,1,20250608,20250627,747
1,1,1,1,1,1,1,20250608,20250628,188
1,1,1,1,1,1,1,20250608,20250628,396
1,1,1,1,1,1,1,20250608,20250628,469
1,1,1,1,1,1,1,20250608,20250628,5
1,1,1,1,1,1,1,20250608,20250704,489
1,1,1,1,1,1,1,20250608,20250704,518
1,1,1,1,1,1,1,20250608,20250704,783
1,1,1,1,1,1,1,20250608,20250705,342
1,1,1,1,1,1,1,20250608,20250706,296
1,1,1,1,1,1,1,20250608,20250707,805
1,1,1,1,1,1,1,20250608,20250708,1004
1,1,1,1,1,1,1,20250608,20250708,1079
1,1,1,1,1,1,1,20250608,20250708,148
1,1,1,1,1,1,1,20250608,20250708,170
1,1,1,1,1,1,1,20250608,20250708,227
1,1,1,1,1,1,1,20250608,20250708,284
1,1,1,1,1,1,1,20250608,20250708,29
1,1,1,1,1,1,1,20250608,20250708,306
1,1,1,1,1,1,1,20250608,20250708,311
1,1,1,1,1,1,1,20250608,20250708,365
1,1,1,1,1,1,1,20250608,20250708,401
1,1,1,1,1,1,1,20250608,20250708,404
1,1,1,1,1,1,1,20250608,20250708,437
1,1,1,1,1,1,1,20250608,20250708,60
1,1,1,1,1,1,1,20250608,20250708,617
1,1,1,1,1,1,1,20250608,20250708,735
1,1,1,1,1,1,1,20250608,20250708,753
1,1,1,1,1,1,1,20250608,20250708,790
1,1,1,1,1,1,1,20250608,20250708,894
1,1,1,1,1,1,1,20250608,20250708,947
1,1,1,1,1,1,1,20250609,20250619,618
1,1,1,1,1,1,1,20250609,20250627,214
1,1,1,1,1,1,1,20250609,20250627,78
1,1,1,1,1,1,1,20250609,20250628,1014
1,1,1,1,1,1,1,20250609,20250629,860
1,1,1,1,1,1,1,20250609,20250708,1134
1,1,1,1,1,1,1,20250609,20250708,16
1,1,1,1,1,1,1,20250609,20250708,372
1,1,1,1,1,1,1,20250609,20250708,561
1,1,1,1,1,1,1,20250609,20250708,903
1,1,1,1,1,1,1,20250610,20250622,568
1,1,1,1,1,1,1,20250610,20250623,447
1,1,1,1,1,1,1,20250610,20250627,697
1,1,1,1,1,1,1,20250610,20250629,410
1,1,1,1,1,1,1,20250610,20250704,595
1,1,1,1,1,1,1,20250610,20250708,1009
1,1,1,1,1,1,1,20250610,20250708,515
1,1,1,1,1,1,1,20250610,20250708,687
1,1,1,1,1,1,1,20250610,20250708,73
1,1,1,1,1,1,1,20250610,20250708,891
1,1,1,1,1,1,1,20250611,20250620,101
1,1,1,1,1,1,1,20250611,20250627,282
1,1,1,1,1,1,1,20250611,20250708,1124
1,1,1,1,1,1,1,20250611,20250708,686
1,1,1,1,1,1,1,20250612,20250708,859
1,1,1,1,1,1,1,20250613,20250627,871
1,1,1,1,1,1,1,20250613,20250708,26
1,1,1,1,1,1,1,20250613,20250708,698
1,1,1,1,1,1,1,20250614,20250625,727
1,1,1,1,1,1,1,20250614,20250626,367
1,1,1,1,1,1,1,20250614,20250704,1055
1,1,1,1,1,1,1,20250614,20250704,385
1,1,1,1,1,1,1,20250614,20250704,483
1,1,1,1,1,1,1,20250614,20250708,850
1,1,1,1,1,1,1,20250615,20250622,942
1,1,1,1,1,1,1,20250615,20250625,490
1,1,1,1,1,1,1,20250615,20250628,491
1,1,1,1,1,1,1,20250615,20250628,592
1,1,1,1,1,1,1,20250615,20250702,162
1,1,1,1,1,1,1,20250615,20250704,1058
1,1,1,1,1,1,1,20250615,20250704,1080
1,1,1,1,1,1,1,20250615,20250704,163
1,1,1,1,1,1,1,20250615,20250704,535
1,1,1,1,1,1,1,20250615,20250704,848
1,1,1,1,1,1,1,20250615,20250704,910
1,1,1,1,1,1,1,20250615,20250708,1122
1,1,1,1,1,1,1,20250615,20250708,135
1,1,1,1,1,1,1,20250615,20250708,17
1,1,1,1,1,1,1,20250615,20250708,229
1,1,1,1,1,1,1,20250615,20250708,314
1,1,1,1,1,1,1,20250615,20250708,390
1,1,1,1,1,1,1,20250615,20250708,415
1,1,1,1,1,1,1,20250615,20250708,504
1,1,1,1,1,1,1,20250615,20250708,629
1,1,1,1,1,1,1,20250615,20250708,631
1,1,1,1,1,1,1,20250615,20250708,774
1,1,1,1,1,1,1,20250615,20250708,963
1,1,1,1,1,1,1,20250616,20250623,359
1,1,1,1,1,1,1,20250616,20250708,1005
1,1,1,1,1,1,1,20250617,20250708,429
1,1,1,1,1,1,1,20250617,20250708,911
1,1,1,1,1,1,1,20250619,20250626,670
1,1,1,1,1,1,1,20250619,20250704,1086
1,1,1,1,1,1,1,20250620,20250628,1100
1,1,1,1,1,1,1,20250620,20250628,564
1,1,1,1,1,1,1,20250620,20250708,719
1,1,1,1,1,1,1,20250621,20250629,993
1,1,1,1,1,1,1,20250621,20250704,579
1,1,1,1,1,1,1,20250621,20250705,649
1,1,1,1,1,1,1,20250621,20250707,379
1,1,1,1,1,1,1,20250621,20250708,272
1,1,1,1,1,1,1,20250621,20250708,498
1,1,1,1,1,1,1,20250621,20250708,965
1,1,1,1,1,1,1,20250622,20250628,87
1,1,1,1,1,1,1,20250622,20250705,700
1,1,1,1,1,1,1,20250622,20250705,801
1,1,1,1,1,1,1,20250622,20250708,263
1,1,1,1,1,1,1,20250622,20250708,975
1,1,1,1,1,1,1,20250623,20250629,811
1,1,1,1,1,1,1,20250623,20250708,575
1,1,1,1,1,1,1,20250624,20250705,563
1,1,1,1,1,1,1,20250624,20250707,299
1,1,1,1,1,1,1,20250626,20250703,861
1,1,1,1,1,1,1,20250626,20250708,298
1,1,1,1,1,1,1,20250627,20250706,1002
1,1,1,1,1,1,1,20250627,20250708,322
1,1,1,1,1,1,1,20250628,20250704,480
1,1,1,1,1,1,1,20250628,20250706,421
1,1,1,1,1,1,1,20250628,20250707,76
1,1,1,1,1,1,1,20250628,20250708,675
1,1,1,1,1,1,1,20250629,20250706,126
1,1,1,1,1,1,1,20250629,20250706,136
1,1,1,1,1,1,1,20250629,20250707,57
1,1,1,1,1,1,1,20250629,20250708,338
1,1,1,1,1,1,1,20250629,20250708,813
1,1,1,1,1,1,1,20250630,20250706,80
1,1,1,1,1,1,1,20250630,20250708,289
1,1,1,1,1,1,1,20250702,20250708,794
