route_id,service_id,trip_id
1,1013,1196542
1,1013,172882
1,1013,674581
1,1016,1527318
1,1016,77434
1,1027,1334562
1,1028,1520251
1,1031,1558444
1,1035,810071
1,1036,1136595
1,1084,112137
1,1101,865437
1,1101,984802
1,1102,814371
1,1103,278222
1,1113,1172133
1,1114,465381
1,1122,1159441
1,1122,567542
1,1138,434974
1,1147,1312684
1,118,593591
1,138,1533485
1,156,1414333
1,208,334905
1,209,1429276
1,209,1567499
1,209,1686381
1,209,401353
1,209,484204
1,211,475340
1,216,1004408
1,218,1276153
1,218,247651
1,218,867719
1,218,919917
1,222,428072
1,222,898821
1,222,941734
1,225,1227275
1,23,1537410
1,236,674291
1,248,1354317
1,252,1338701
1,252,331656
1,256,1472067
1,256,779414
1,260,1530092
1,260,234043
1,265,241917
1,265,582276
1,280,714428
1,297,1399595
1,297,1667877
1,326,1597307
1,343,248208
1,343,345448
1,343,372958
1,343,532355
1,343,951845
1,359,1667113
1,359,389579
1,359,968008
1,368,423292
1,383,1093683
1,383,1429238
1,383,1557765
1,383,204976
1,383,887185
1,384,911540
1,393,544399
1,399,205978
1,402,1066881
1,402,1204999
1,402,1227500
1,402,1230214
1,402,1394767
1,402,1585935
1,402,193597
1,402,325744
1,402,455170
1,402,538
1,402,671983
1,402,673183
1,402,795094
1,402,919405
1,402,951816
1,404,1364213
1,411,1302914
1,412,1250997
1,415,1594580
1,417,1481213
1,417,769997
1,421,1053096
1,421,1555505
1,421,242027
1,421,269319
1,421,278152
1,421,559673
1,421,770397
1,432,1235111
1,432,1314784
1,432,52969
1,440,552983
1,45,1107239
1,464,531772
1,467,54285
1,488,1402260
1,488,154643
1,497,802431
1,503,1446068
1,520,1101069
1,520,158832
1,521,313502
1,523,311514
1,529,1510017
1,548,1663582
1,55,479336
1,55,801589
1,571,89096
1,58,279068
1,580,1329622
1,588,1207040
1,588,16340
1,593,1310558
1,603,703061
1,605,1374577
1,605,240187
1,605,400571
1,605,841583
1,622,1404324
1,622,1692756
1,622,453833
1,622,506828
1,622,890837
1,63,657094
1,643,1676765
1,659,282548
1,691,102244
1,7,1079666
1,7,1325747
1,7,353485
1,705,576348
1,711,781703
1,74,1117564
1,745,855088
1,756,649100
1,760,707927
1,765,562595
1,775,564248
1,779,785771
1,784,1277971
1,789,11645
1,789,1665610
1,789,407101
1,789,73411
1,797,489289
1,797,574323
1,799,1566467
1,800,1661296
1,814,893018
1,817,1592820
1,817,340875
1,817,383777
1,821,1717425
1,822,82509
1,828,1197863
1,828,1437439
1,828,1474654
1,828,949727
1,832,402995
1,833,1376766
1,833,372061
1,871,978209
1,874,804243
1,881,12129
1,890,1261233
1,895,302369
1,897,577787
1,900,1191406
1,909,1546397
1,909,41986
1,912,1646678
1,926,103053
1,930,28608
1,937,1713102
1,937,214600
1,940,1063717
1,946,396676
1,957,677325
1,97,1235016
1,98,945257
1,980,1300416
1,980,188445
1,982,1077419
1,982,1156230
1,982,1245381
1,982,1448144
1,982,194887
1,982,553751
1,982,616553
1,982,71909
1,982,726587
1,982,903099
1,996,1603707
10,218,1690933
10,364,1514543
10,588,1099819
10,588,1433297
10,900,1376635
10,900,845482
100,1114,1066491
100,1114,1157040
100,1114,1166219
100,1114,1395724
100,1114,1630294
100,1114,17634
100,1114,21003
100,1114,299862
100,1114,363862
100,1114,393198
100,1114,517824
100,1114,528513
100,1114,681829
100,1114,697487
100,1114,708965
100,1114,843052
100,1114,94489
100,256,1673308
100,335,445908
100,346,1203687
100,40,1252850
100,445,1007837
100,460,1657792
100,460,250085
100,489,1026180
100,489,1538275
100,489,1707848
100,489,48228
100,489,489433
100,489,750291
100,489,787926
100,489,792076
100,489,862530
100,489,956942
100,489,987421
100,518,453169
100,532,709971
100,611,292774
100,65,1111584
100,688,998844
100,743,1165295
100,743,12255
100,743,1262501
100,743,1285172
100,743,1334194
100,743,1710639
100,743,265686
100,743,647945
100,743,677599
100,743,683517
100,743,702014
100,743,749985
100,743,769853
100,743,913182
100,754,594826
100,764,1443513
100,764,1662524
100,783,1399557
100,797,1086327
100,797,339158
100,797,926697
100,881,542313
100,952,436563
11,1016,1005270
11,1016,1080976
11,1016,1116935
11,1016,1134322
11,1016,1345600
11,1016,1581385
11,1016,1696928
11,1016,328097
11,1016,472856
11,1016,493584
11,1016,525475
11,1016,614170
11,1016,837019
11,1016,848053
11,1016,885759
11,1016,985651
11,1022,1422490
11,1022,991924
11,1043,1406142
11,1103,373963
11,1103,454713
11,1103,761252
11,1103,836679
11,1114,999246
11,125,340489
11,150,1257469
11,150,1314991
11,150,1692942
11,163,1567552
11,209,597551
11,211,1006017
11,211,519544
11,218,1061795
11,218,359355
11,222,1025267
11,222,1068527
11,222,1183184
11,222,1362518
11,222,1636617
11,222,1689597
11,222,1698949
11,222,245170
11,222,246752
11,222,593462
11,222,699088
11,23,1603407
11,23,952093
11,240,1422453
11,240,1479883
11,240,1489546
11,252,1380295
11,252,138787
11,252,1398623
11,252,1400895
11,252,484040
11,256,1710010
11,260,1176813
11,260,1642057
11,262,1310375
11,262,311210
11,262,641250
11,3,1517755
11,300,70811
11,330,1262170
11,344,1027415
11,351,1025039
11,351,1060495
11,351,1095244
11,351,110998
11,351,1192162
11,351,1387087
11,351,141548
11,351,190070
11,351,406207
11,351,473416
11,351,474775
11,351,650477
11,412,1589674
11,412,429404
11,412,923451
11,458,1226827
11,474,710650
11,489,695037
11,507,83699
11,516,262462
11,516,766657
11,519,1420374
11,535,542609
11,547,615914
11,547,754367
11,566,698002
11,572,1155576
11,586,1503884
11,586,1593284
11,586,730588
11,588,1250998
11,588,1553278
11,588,541883
11,605,1373267
11,645,516383
11,650,806338
11,7,324413
11,7,89833
11,718,1158445
11,721,61124
11,724,996858
11,745,1026536
11,770,172200
11,780,1622437
11,780,1690489
11,780,222361
11,780,774326
11,780,798080
11,789,323736
11,789,577318
11,791,426310
11,797,870137
11,810,236779
11,817,195180
11,822,1518488
11,822,328777
11,822,896565
11,828,1295637
11,833,1199136
11,833,1351753
11,833,1638882
11,848,1056554
11,848,1130813
11,848,1527250
11,848,1533606
11,881,107105
11,881,1081419
11,881,1501073
11,934,782530
11,935,426236
11,937,1251601
11,937,1503737
11,97,1154784
11,977,69316
11,978,1173404
11,986,1388479
12,1027,436161
12,1040,1343041
12,1046,1466018
12,1046,1572896
12,1134,532395
12,208,1001702
12,208,1185179
12,209,1120006
12,209,1641619
12,209,31219
12,256,1080992
12,278,1036464
12,327,1158057
12,412,662269
12,412,948793
12,416,395936
12,421,441858
12,421,967293
12,55,798480
12,752,1660291
12,788,934287
12,828,1052131
12,828,1263966
12,828,1516434
12,828,392179
12,926,1539478
12,926,1637471
12,937,1335203
12,951,931961
12,963,1264522
12,970,358527
13,148,438509
14,1108,139053
14,1122,255165
14,148,52598
14,156,1467976
14,222,968475
14,256,1281145
14,412,1669659
14,412,337529
14,588,763170
14,605,1015331
14,937,685036
14,97,191437
15,1010,1399026
15,1031,878201
15,1046,1264436
15,1046,1409211
15,1046,1639611
15,1046,297971
15,1046,444374
15,1046,571659
15,1046,971008
15,1088,1609596
15,1125,1156702
15,116,1136683
15,116,1203805
15,116,1425694
15,116,177931
15,130,492028
15,130,619772
15,137,312195
15,137,429186
15,137,775655
15,137,951965
15,170,696164
15,19,1488770
15,208,187157
15,209,1104795
15,209,1162442
15,209,1231067
15,209,1246849
15,209,1526540
15,209,1567987
15,209,1648464
15,209,166072
15,209,1661727
15,209,1666540
15,209,531414
15,209,715497
15,209,717287
15,209,841403
15,209,960085
15,209,993839
15,256,425266
15,278,1249475
15,282,1050662
15,358,1234499
15,361,1207876
15,395,179356
15,402,1697
15,412,1179363
15,412,1284598
15,412,1289006
15,412,1435331
15,412,15401
15,412,162009
15,412,265949
15,412,466119
15,412,576293
15,412,587170
15,421,1321305
15,421,1446056
15,421,1504291
15,421,189249
15,421,296668
15,421,479522
15,429,617643
15,449,1341748
15,449,365586
15,46,1358705
15,467,303736
15,467,48331
15,536,1724414
15,544,1016799
15,544,1024611
15,544,330938
15,55,1281335
15,55,331815
15,55,366588
15,55,719771
15,555,423482
15,600,934162
15,606,1282337
15,623,800621
15,66,1721141
15,665,792160
15,671,206011
15,733,1632019
15,819,1017019
15,819,1075643
15,819,882882
15,827,936085
15,828,1235802
15,828,470655
15,85,851885
15,900,660165
15,937,1113071
15,937,1286781
15,96,258017
15,967,1067065
15,967,113506
15,967,1165945
15,967,1402962
15,967,1529810
15,967,253869
15,967,56869
15,97,749243
15,977,161281
15,977,639257
15,977,957833
15,981,1495971
15,982,1501557
16,1114,1462794
16,1114,536035
16,126,258950
16,132,140719
16,23,543758
16,361,307940
16,421,1173431
16,467,1675840
16,600,1676389
16,685,170933
16,707,1213169
16,796,1522791
16,797,1320758
16,797,1454556
16,827,757417
16,938,564220
16,950,1108723
17,1046,1021246
17,1101,1432475
17,1101,511522
17,1139,1480165
17,174,1332397
17,209,1515772
17,209,1621437
17,209,292097
17,219,1507597
17,335,1663603
17,335,810108
17,36,1391305
17,370,284428
17,412,1110425
17,412,305817
17,51,1592570
17,521,479811
17,521,88480
17,588,774366
17,647,867358
17,743,1593956
17,743,681285
17,80,855484
17,828,850453
17,833,687263
17,871,1459315
17,980,584702
18,1016,257031
18,1016,998664
18,1031,139325
18,1032,332508
18,1041,87363
18,1043,623581
18,1046,850004
18,1057,958495
18,1088,1713254
18,11,610979
18,1112,778557
18,1114,145982
18,1114,167575
18,1114,1675882
18,1125,1371999
18,186,1106795
18,186,154137
18,187,1347528
18,208,1452584
18,209,1105164
18,209,1115566
18,209,1175229
18,209,123904
18,209,1426879
18,209,1472761
18,209,1594720
18,209,1654724
18,209,1663086
18,209,1719695
18,209,284074
18,209,389885
18,209,624020
18,209,632170
18,218,300673
18,218,732881
18,224,1401746
18,23,681488
18,24,1681867
18,256,1451708
18,256,948343
18,259,1536292
18,265,492587
18,267,851221
18,335,421740
18,340,672882
18,371,1193730
18,371,712136
18,39,493379
18,412,1305738
18,412,1348305
18,412,510169
18,412,568247
18,421,1005364
18,421,1551088
18,424,645683
18,467,1682984
18,471,274052
18,520,1147105
18,539,793277
18,54,1249506
18,544,1060225
18,55,446634
18,569,450471
18,581,718636
18,588,1242835
18,588,1250643
18,588,384325
18,600,1081101
18,600,536294
18,600,958115
18,605,1462687
18,605,1561875
18,606,1508806
18,606,1611970
18,635,341726
18,658,1515937
18,697,30420
18,702,1279997
18,71,174993
18,745,1385127
18,745,1424079
18,754,1562781
18,759,27929
18,76,302913
18,78,514600
18,80,1631051
18,80,484602
18,822,374994
18,828,1023768
18,828,1241855
18,828,1481130
18,828,1484987
18,828,1572856
18,828,318350
18,828,346779
18,828,361606
18,828,510383
18,828,902234
18,83,1012647
18,833,288634
18,833,846528
18,860,493200
18,863,761525
18,874,1478040
18,874,432250
18,937,535774
18,977,324066
19,600,1382990
19,600,1518640
19,733,1356968
19,733,362322
19,940,1287711
19,940,780344
2,1016,1177804
2,1021,312179
2,1040,479385
2,1094,1018800
2,1111,520551
2,1114,190203
2,161,864479
2,173,1388055
2,222,449973
2,260,399840
2,287,1166391
2,287,1264240
2,406,739929
2,412,1092692
2,412,1177579
2,412,175217
2,412,184336
2,417,1207889
2,417,444775
2,428,1452864
2,434,208350
2,487,1297703
2,488,1155744
2,488,1406788
2,488,1479297
2,488,1597101
2,488,570560
2,509,478072
2,509,627743
2,521,183164
2,521,536424
2,523,1667106
2,523,312589
2,55,381079
2,55,817920
2,55,883274
2,632,1086074
2,642,367417
2,642,66380
2,673,423732
2,690,628710
2,691,1713655
2,691,192431
2,699,29559
2,762,1088478
2,77,1070224
2,77,1497630
2,781,944601
2,797,1116495
2,828,387705
2,839,1491666
2,843,1591532
2,843,672553
2,863,170966
2,881,245693
2,890,1179725
2,940,1063345
2,940,1161942
2,940,668287
2,98,534784
20,570,1668418
21,1046,1104293
21,1054,1396669
21,1114,1190894
21,174,468203
21,335,704664
21,36,718137
21,388,541759
21,412,700202
21,521,797141
21,671,362058
21,743,1145329
21,833,1159550
21,937,1289229
21,977,1448019
21,977,620648
21,980,1704212
22,421,1035805
22,421,1304311
22,421,1640651
22,421,309550
22,421,574898
22,421,728512
22,747,1238793
22,747,12812
22,747,681898
22,747,687273
22,747,769656
22,747,971445
23,254,1644358
23,35,557886
23,42,1043004
23,549,456885
23,623,736160
23,69,802332
23,849,1068629
24,170,1132804
24,170,636286
24,209,281734
24,209,308077
25,137,1625821
26,1016,71546
26,1022,1604831
26,1022,665276
26,1022,873164
26,1022,890228
26,11,519738
26,115,532930
26,209,1686395
26,209,294559
26,209,676815
26,209,67964
26,222,1676681
26,373,98436
26,402,886567
26,406,367078
26,412,1406125
26,412,1537504
26,412,1571159
26,412,343297
26,412,794146
26,45,1024809
26,457,934589
26,488,176051
26,55,625229
26,55,837747
26,573,23647
26,680,755538
26,691,1649393
26,696,641405
26,713,1048140
26,726,570000
26,726,849810
26,822,321200
26,833,191629
26,833,194051
26,863,1626431
26,868,1256211
26,896,1280739
26,896,393409
26,900,1429859
26,900,598274
26,920,1320829
26,926,1456932
26,926,1505032
26,926,1539827
26,931,1711261
26,940,90044
27,1022,1196710
27,1033,1479785
27,1046,1625782
27,1046,454120
27,1064,1155121
27,1067,1024729
27,1072,1205668
27,1084,1661261
27,1099,426866
27,137,191593
27,177,23105
27,186,725666
27,23,1626021
27,239,614649
27,260,1059543
27,260,522711
27,278,780185
27,280,1584431
27,38,984712
27,412,1589572
27,421,182316
27,421,248986
27,421,355123
27,421,356384
27,421,48782
27,421,489413
27,421,723250
27,421,760698
27,421,905648
27,433,499199
27,517,1217632
27,544,1039192
27,544,1210893
27,544,942605
27,588,667739
27,588,836700
27,600,1632563
27,606,1711579
27,706,1453891
27,745,994197
27,747,1254064
27,747,1407214
27,747,177734
27,747,357942
27,747,866938
27,748,308834
27,748,369484
27,784,1251440
27,789,671165
27,789,717118
27,797,1394509
27,798,1663326
27,828,1429330
27,833,858550
27,874,415542
27,88,368011
27,885,335528
27,9,1349523
27,913,817609
27,937,1654115
27,956,742611
27,997,689229
28,256,1570288
28,465,270056
28,610,562210
29,1069,1077972
29,186,812940
29,192,1082869
29,192,1378608
29,192,221719
29,209,1030128
29,209,1086107
29,209,1152494
29,209,1157511
29,209,1350522
29,209,1554232
29,209,1664995
29,209,185213
29,209,274317
29,209,438029
29,209,484576
29,209,61626
29,209,892434
29,209,983489
29,21,431846
29,218,401806
29,222,138395
29,260,1510924
29,356,1596953
29,375,507506
29,408,1386758
29,412,1265361
29,467,603004
29,467,631972
29,543,430355
29,553,1269782
29,553,85945
29,588,1324406
29,588,1552398
29,661,1060896
29,661,1081612
29,661,1329668
29,661,1590802
29,661,620082
29,661,917670
29,771,1119867
29,827,228189
29,956,237578
29,956,315254
29,956,527707
29,956,984961
29,977,788611
29,990,22170
3,1016,652747
3,1021,96039
3,1022,1367747
3,1022,307129
3,1022,318879
3,1031,499668
3,1031,766025
3,1043,141081
3,1043,1443940
3,1043,1466168
3,105,567712
3,1061,911480
3,1078,227352
3,1078,581490
3,1101,599666
3,1108,1494963
3,1116,1087282
3,1128,618416
3,1136,410826
3,1136,517442
3,135,605522
3,140,1374537
3,140,149248
3,140,480603
3,140,651940
3,140,801014
3,140,812537
3,150,1370795
3,150,155637
3,150,625445
3,159,475443
3,170,1346420
3,170,135496
3,170,1374673
3,170,1393409
3,170,1487283
3,170,1489359
3,170,1493026
3,170,1499730
3,170,1534584
3,170,1641008
3,170,1680297
3,170,299582
3,170,592377
3,170,87536
3,19,1026318
3,19,150938
3,19,754036
3,195,1458036
3,195,316102
3,201,1265092
3,201,1622594
3,209,1010938
3,209,1013048
3,209,1028631
3,209,1048873
3,209,1077066
3,209,1116419
3,209,112841
3,209,1147027
3,209,1157081
3,209,1159990
3,209,1257683
3,209,1312277
3,209,1413895
3,209,1422186
3,209,1480338
3,209,154801
3,209,1596140
3,209,1636178
3,209,1699686
3,209,177139
3,209,189519
3,209,20541
3,209,214930
3,209,237910
3,209,279296
3,209,279733
3,209,302708
3,209,328145
3,209,413092
3,209,558736
3,209,621290
3,209,662981
3,209,724020
3,209,784465
3,209,790032
3,209,867295
3,209,869191
3,209,951690
3,222,357029
3,242,322912
3,252,939223
3,260,63277
3,260,706727
3,260,718775
3,260,767163
3,266,566441
3,266,877164
3,279,856987
3,281,795824
3,311,1327470
3,317,1124912
3,317,237026
3,317,732974
3,330,11205
3,330,1379400
3,345,1344770
3,357,397806
3,374,1210629
3,40,109060
3,40,1304652
3,40,571354
3,40,764909
3,40,955455
3,412,1219047
3,412,1388798
3,412,326473
3,412,419437
3,412,584511
3,417,1262735
3,425,1069970
3,425,708983
3,442,719214
3,446,388345
3,449,1352161
3,454,743190
3,475,1723469
3,484,13495
3,488,355792
3,488,474043
3,497,979390
3,497,996081
3,509,1254866
3,509,285389
3,521,22855
3,521,587683
3,523,858852
3,534,841879
3,548,872982
3,55,1150041
3,55,1574412
3,55,217984
3,55,454749
3,55,510066
3,55,58780
3,55,798349
3,588,154957
3,596,583728
3,605,548038
3,619,49549
3,620,1630762
3,631,1666167
3,653,81142
3,680,228582
3,716,1253827
3,722,604639
3,722,836186
3,728,1621602
3,732,534913
3,745,1648734
3,748,1627081
3,763,1349355
3,77,629810
3,789,1365691
3,789,607668
3,789,645417
3,797,1596286
3,797,997442
3,804,839757
3,826,1146044
3,826,1600714
3,828,1062284
3,828,1322770
3,828,1560742
3,828,382257
3,828,680721
3,828,918803
3,828,939233
3,833,1435398
3,833,226162
3,844,1490978
3,853,1019046
3,865,39882
3,900,236413
3,926,1272008
3,926,723284
3,926,730565
3,927,861932
3,928,101759
3,928,1179288
3,928,1280279
3,928,1460199
3,928,185582
3,928,339343
3,928,833405
3,932,587884
3,937,1135696
3,937,1582601
3,937,579350
3,937,679831
3,940,1575159
3,940,900543
3,98,744499
3,991,90084
30,1017,315591
30,1022,1188210
30,1043,247369
30,1052,257796
30,107,615963
30,1103,978575
30,1105,124130
30,1114,325003
30,1114,970580
30,148,1202245
30,148,1214176
30,148,1645903
30,148,18711
30,148,198466
30,148,396016
30,148,424525
30,148,732702
30,150,63127
30,175,1401699
30,18,1540476
30,209,991265
30,227,1159096
30,227,775876
30,260,1260633
30,260,603125
30,270,998924
30,283,1718507
30,299,1219116
30,317,284943
30,337,390457
30,341,1063165
30,365,1369032
30,398,1068878
30,40,1668489
30,400,1721177
30,417,613040
30,529,76973
30,534,768763
30,591,1443481
30,733,90334
30,733,935817
30,748,1616932
30,874,1323630
30,874,404232
30,971,86423
30,977,659308
31,10,775402
31,1016,1129800
31,1016,425352
31,1022,849653
31,1033,591364
31,1033,825778
31,1046,181052
31,1046,437774
31,1087,112059
31,1091,1410227
31,1091,407982
31,1114,1406402
31,1114,192113
31,1114,325718
31,1114,663352
31,112,1156503
31,153,837255
31,186,614760
31,186,821913
31,186,868328
31,190,1272194
31,193,1585075
31,2,626255
31,20,1499081
31,205,1002046
31,211,781372
31,222,1478067
31,289,1120800
31,289,1264724
31,315,745257
31,331,1036032
31,343,891502
31,351,1069102
31,373,1455631
31,373,1491873
31,373,569960
31,39,1353058
31,39,629314
31,399,20014
31,418,1302923
31,418,432435
31,418,492467
31,423,1517246
31,45,261613
31,461,749951
31,500,1138632
31,514,278053
31,568,1582753
31,568,201788
31,581,674893
31,581,786358
31,586,723845
31,586,867829
31,621,632217
31,621,956758
31,641,636085
31,654,1029074
31,66,1035338
31,66,1226467
31,66,1495913
31,66,220491
31,666,816081
31,743,1021135
31,743,1194576
31,743,1373498
31,743,1494158
31,743,197243
31,758,434429
31,761,1646536
31,782,1018118
31,797,404933
31,797,723828
31,822,63756
31,883,1285925
31,883,1331378
31,926,1144155
31,937,117086
31,972,273491
31,977,1291529
31,977,327157
31,977,627042
31,980,1014686
31,980,1165313
31,980,1192982
31,980,1202794
31,980,1244044
31,980,1260401
31,980,157172
31,980,1629869
31,980,345690
31,980,391198
31,980,525640
31,980,982161
31,987,246491
32,148,1384583
32,148,1420894
32,148,263527
32,402,721514
32,735,1371946
33,101,1033979
33,101,1040024
33,101,1055109
33,101,1059430
33,101,1224931
33,101,1256216
33,101,1348506
33,101,1537645
33,101,1541742
33,101,200541
33,101,368944
33,101,848890
33,101,883588
33,1022,656837
33,1031,834845
33,1043,1403436
33,1043,1586365
33,1043,751929
33,1091,1054777
33,1091,1065458
33,1091,644628
33,1091,961198
33,1101,713583
33,1110,828996
33,1114,956979
33,148,83490
33,154,582019
33,200,39774
33,213,247819
33,213,323636
33,23,569678
33,256,1722260
33,256,679242
33,285,1604572
33,285,696416
33,285,776739
33,317,1230547
33,334,570491
33,342,1661409
33,343,727180
33,402,918672
33,406,1707720
33,417,1526397
33,420,328411
33,485,427215
33,508,1288803
33,512,1248778
33,542,1220347
33,542,205934
33,542,320504
33,542,637117
33,542,673566
33,542,787288
33,55,443268
33,563,1223644
33,563,1269653
33,563,1585130
33,563,1653335
33,563,606087
33,563,751225
33,563,830525
33,563,979704
33,578,1408710
33,602,987370
33,605,595426
33,614,1062987
33,649,1220869
33,649,1222265
33,649,1590233
33,649,1640737
33,649,1712775
33,649,272784
33,649,418570
33,649,454134
33,649,473612
33,649,559579
33,649,684800
33,649,772831
33,649,895804
33,666,297627
33,676,203890
33,711,1571618
33,725,1678169
33,736,432397
33,740,601720
33,789,1057130
33,828,191870
33,838,1349770
33,841,1394125
33,853,1172878
33,866,43060
33,869,783092
33,891,599287
33,893,1376218
33,893,1437676
33,893,710539
33,893,918584
33,900,1199873
33,91,1362304
33,93,1076035
33,93,1230819
33,93,1300875
33,93,1383280
33,93,1489963
33,93,152349
33,93,37009
33,93,596384
33,949,1343530
33,95,103404
33,95,1048163
33,95,1159148
33,95,1268801
33,95,1420521
33,95,159409
33,95,510696
33,95,623234
33,95,72049
33,95,774318
33,95,847707
33,95,99729
33,958,1579379
34,10,386832
34,1016,1502397
34,1016,660890
34,146,1662392
34,256,1482720
34,256,491426
34,256,956564
34,402,858701
34,412,1576679
34,449,128490
34,449,25585
34,527,997505
34,567,1214927
34,605,741703
34,605,960093
34,691,1272341
34,691,1447803
34,691,183599
34,733,1097175
34,733,283994
34,733,502408
34,733,726552
34,797,1222656
34,797,1281084
34,797,1404943
34,797,598503
34,833,1540707
35,1006,158071
35,1006,962311
35,1032,1307839
35,1032,1318349
35,1032,1574735
35,1032,327264
35,1057,1467761
35,137,1120166
35,137,1188207
35,137,1457811
35,137,1519747
35,137,1665528
35,137,429572
35,137,721523
35,169,1597480
35,190,1147532
35,190,253412
35,190,576705
35,190,805974
35,190,974749
35,209,1240120
35,209,1298536
35,209,1321843
35,209,1475475
35,209,1631383
35,209,335117
35,209,398614
35,209,532330
35,209,602525
35,209,651805
35,209,682896
35,209,902212
35,218,1314333
35,222,1723464
35,312,1670897
35,39,1198043
35,39,120669
35,39,326929
35,39,371703
35,39,599596
35,39,731101
35,39,987613
35,40,101400
35,402,612720
35,412,1358529
35,412,1623766
35,432,122683
35,436,1717688
35,436,559486
35,436,615112
35,45,1563951
35,45,863738
35,467,1144166
35,467,1263848
35,467,1341810
35,467,141920
35,467,1457081
35,467,1500676
35,467,1666072
35,467,188150
35,467,376280
35,467,462706
35,467,6705
35,467,719501
35,472,113850
35,544,1344729
35,544,180300
35,544,287748
35,553,1085629
35,553,1223871
35,553,538770
35,569,810254
35,581,800307
35,588,1124758
35,593,453244
35,600,1524825
35,600,1542569
35,600,1622416
35,623,1573214
35,639,719564
35,675,1657285
35,690,1023682
35,690,1683461
35,690,605846
35,690,668755
35,714,1117677
35,714,678118
35,730,380309
35,748,1413443
35,822,1040805
35,822,1271029
35,822,1584273
35,822,417914
35,822,494423
35,833,1210783
35,833,1261
35,833,150091
35,833,362537
35,833,407612
35,833,553499
35,833,765934
35,834,1666793
35,836,271319
35,84,1240378
35,84,808603
35,840,456169
35,881,1554910
35,929,479687
35,937,107196
35,97,318024
36,1014,1553083
36,1079,703308
36,1101,1606910
36,148,705017
36,186,1613198
36,211,1259581
36,218,1243080
36,256,1337674
36,28,972450
36,369,270373
36,396,1056802
36,396,1275029
36,396,310053
36,396,320947
36,396,466796
36,396,550863
36,396,754778
36,396,873695
36,577,150023
36,703,807212
36,790,253427
36,794,1325556
36,814,925701
36,822,740418
36,828,1229748
36,833,187469
36,900,1313759
36,978,185065
37,1016,1725208
37,1040,640014
37,150,1709279
37,165,1460347
37,178,827633
37,23,324983
37,242,1215259
37,256,674938
37,286,1594221
37,286,93013
37,289,1236442
37,289,1366906
37,289,403895
37,289,405526
37,289,406671
37,289,720968
37,289,748853
37,289,796408
37,289,942176
37,295,563186
37,39,964144
37,399,1348069
37,399,441410
37,402,1239303
37,402,1333902
37,402,186275
37,402,738926
37,402,940659
37,439,1568759
37,439,243783
37,449,1709087
37,449,629814
37,47,786561
37,497,1721703
37,544,1608987
37,55,1576842
37,579,1462855
37,586,1583130
37,605,135093
37,605,786384
37,666,1076131
37,666,142870
37,666,1608442
37,666,374964
37,666,511162
37,666,543395
37,666,661983
37,666,870419
37,673,510570
37,691,1551110
37,691,1684451
37,691,512157
37,740,1109201
37,740,1246541
37,740,162194
37,740,75140
37,740,964274
37,740,968148
37,778,317407
37,778,676727
37,789,1340465
37,789,136876
37,789,1426547
37,789,311076
37,789,59333
37,797,837370
37,811,123045
37,811,645010
37,847,979797
37,854,208335
37,87,573743
37,874,884380
37,9,1491574
37,900,1285281
37,926,1003754
37,926,1576631
37,937,1025410
37,937,1437710
37,937,668508
37,937,731543
37,937,870448
37,940,225498
37,940,638776
37,965,71784
37,97,1102196
37,97,1392509
37,97,1468568
37,97,822239
37,97,945931
37,977,777869
37,977,951273
37,993,1113456
37,993,1716259
37,993,178911
37,993,261641
37,993,905307
37,993,952330
38,1023,638494
38,115,1298526
38,137,1076941
38,148,1378454
38,148,375795
38,175,322613
38,222,315996
38,675,1616829
38,833,723280
39,1016,939000
39,1020,1415323
39,1040,398777
39,1150,851742
39,17,1502484
39,17,172658
39,170,176460
39,170,178359
39,170,194727
39,170,322694
39,170,797497
39,201,147910
39,201,1692506
39,209,1214108
39,209,1262736
39,209,1448891
39,209,1715012
39,209,333096
39,209,334564
39,209,547843
39,209,58440
39,209,815165
39,209,909440
39,218,323196
39,222,645020
39,243,1599362
39,260,1414665
39,290,56258
39,314,134810
39,501,1212253
39,58,732064
39,642,429690
39,646,1495141
39,646,271449
39,646,327250
39,663,229799
39,7,865867
39,77,295225
39,822,1139486
39,828,325607
39,850,172129
39,850,400555
39,881,1546669
39,904,21338
39,97,1236952
39,97,1688738
39,97,320935
39,97,651982
4,1075,764786
4,108,3231
4,1114,32365
4,127,1547907
4,148,1562440
4,197,966509
4,209,276603
4,222,942006
4,253,543491
4,253,934665
4,27,732468
4,293,167294
4,36,1049929
4,36,980871
4,40,275804
4,402,1123291
4,402,150348
4,412,1268439
4,417,142355
4,477,1118231
4,485,223950
4,488,1031435
4,489,440711
4,55,1507023
4,552,427126
4,586,1264061
4,615,1443219
4,673,995054
4,689,628490
4,743,1702725
4,77,1103490
4,797,780390
4,900,1302973
4,919,928574
4,937,1230438
4,937,548907
4,940,893788
4,951,1642012
4,985,898548
4,99,1016797
40,1011,416698
40,1016,440919
40,1016,477300
40,1016,562906
40,1031,86153
40,1043,1265925
40,1043,399889
40,1062,1566268
40,1064,520448
40,1066,1288891
40,1070,1330572
40,1101,1556825
40,1101,309872
40,1114,1261038
40,1114,1284396
40,1114,1618376
40,1114,1670128
40,1114,231801
40,1114,844977
40,1142,1189425
40,12,740001
40,136,575351
40,137,863351
40,150,1210795
40,150,1635452
40,164,1165216
40,189,389723
40,192,1187521
40,192,1384172
40,192,309427
40,192,948206
40,208,486307
40,208,647056
40,209,1301133
40,209,1355652
40,209,1415477
40,209,1447567
40,209,1506828
40,209,1525519
40,209,1542377
40,209,156319
40,209,1658089
40,209,227782
40,209,304952
40,209,336407
40,209,440337
40,209,74822
40,209,766923
40,209,840192
40,217,339099
40,218,1305941
40,218,1428446
40,218,755900
40,222,851507
40,222,915147
40,23,16173
40,260,1277849
40,260,220907
40,280,1284580
40,289,1699110
40,298,1343498
40,304,1535805
40,322,1526335
40,322,845775
40,329,1005736
40,330,805689
40,335,756655
40,349,1007454
40,349,1643422
40,350,1306454
40,361,1439913
40,386,1518551
40,389,1180915
40,400,1342499
40,402,573172
40,402,784051
40,409,1015214
40,412,1556914
40,412,1609604
40,412,944395
40,412,972486
40,421,1094348
40,421,1616658
40,421,39462
40,421,455888
40,442,1202987
40,45,1148035
40,467,1351961
40,495,382372
40,499,440396
40,5,433910
40,520,1520209
40,544,412201
40,544,428617
40,55,900400
40,581,1399815
40,588,1537172
40,588,414401
40,588,731909
40,588,863985
40,600,541098
40,605,422953
40,606,730737
40,607,898790
40,623,504361
40,634,1486726
40,660,1063651
40,661,908508
40,67,898678
40,699,1503883
40,748,1289565
40,748,567917
40,748,924859
40,785,901876
40,786,552503
40,795,497786
40,797,194193
40,80,1045699
40,80,1308380
40,80,1356139
40,800,1326398
40,809,1142096
40,817,1315626
40,817,958922
40,822,1132023
40,822,1568779
40,822,292116
40,822,358807
40,822,698210
40,822,894932
40,822,945572
40,828,1270161
40,828,312432
40,829,1450614
40,833,1424178
40,833,253709
40,874,1030054
40,874,194917
40,88,105538
40,881,139857
40,883,1430342
40,883,273629
40,883,676848
40,887,622317
40,900,872500
40,921,1503476
40,926,134878
40,937,897844
40,945,1500540
40,945,1607407
40,945,772364
40,956,491006
40,969,1351123
40,969,466042
40,977,115043
40,977,1444062
40,978,1445888
40,980,1670237
40,980,212948
40,980,213321
41,1016,1358184
41,1021,1204177
41,1031,1233297
41,1031,233735
41,1046,1234676
41,1046,1424651
41,1046,1515889
41,1046,38538
41,1046,504818
41,106,1508271
41,108,870788
41,1139,1029156
41,1139,497919
41,1139,58321
41,1139,593391
41,1139,746953
41,1139,910916
41,115,919180
41,144,889052
41,155,1572319
41,209,1665
41,21,1514716
41,21,6660
41,21,800980
41,216,496587
41,23,728641
41,245,1238943
41,247,693334
41,254,1453756
41,254,1479564
41,254,482978
41,260,1135540
41,260,1491947
41,287,1119729
41,287,47431
41,30,1534015
41,309,679499
41,317,571393
41,320,1359540
41,332,1706728
41,352,1463786
41,36,908144
41,391,170849
41,402,1154896
41,402,366420
41,412,1043852
41,412,1273647
41,412,133591
41,412,1336714
41,412,498411
41,438,926406
41,449,878948
41,449,95419
41,467,276691
41,467,833613
41,48,1203024
41,481,312061
41,534,1316799
41,544,51391
41,55,1221118
41,55,1239877
41,55,1307256
41,55,1368126
41,55,70943
41,558,1249257
41,588,867081
41,600,444697
41,600,451493
41,624,701969
41,679,323986
41,733,77303
41,738,586186
41,743,1211866
41,743,1345767
41,743,153278
41,743,223377
41,743,686132
41,743,716700
41,754,347721
41,797,341442
41,802,1639443
41,818,512405
41,826,726644
41,828,1123856
41,828,1138127
41,828,1411290
41,828,1451343
41,828,1695898
41,828,1710256
41,828,269790
41,828,350058
41,828,450406
41,828,503165
41,828,823401
41,828,982618
41,833,1026690
41,833,280079
41,854,344554
41,874,112392
41,877,1398718
41,877,200090
41,881,1617790
41,900,1622307
41,911,623827
41,919,277557
41,937,1613116
41,951,1406859
41,951,154303
41,951,421329
41,951,597641
41,960,183079
41,983,1009752
42,114,1631880
42,23,405855
42,256,1542059
42,715,1683312
42,980,676175
43,100,819493
43,1040,415401
43,1040,983618
43,209,1242504
43,209,1427885
43,254,377721
43,623,819645
43,719,432158
43,939,682048
43,967,1262002
44,1046,1118485
44,1046,1335202
44,1046,1438260
44,1046,457127
44,1046,50201
44,1046,551752
44,148,1329680
44,256,1100932
44,369,1529323
44,605,1048970
44,605,1074963
44,605,1433528
44,605,358260
44,605,592621
44,605,863048
44,605,987129
44,617,1659536
44,748,400534
44,767,1058552
44,797,320648
44,914,462618
44,925,1008295
44,925,1394905
44,958,1019340
45,1127,1411162
45,148,1390906
45,148,328836
45,148,387702
45,223,281032
46,1004,904335
46,1031,1113859
46,113,1690181
46,148,1110620
46,148,1488490
46,148,1712304
46,148,75365
46,148,948636
46,184,482067
46,402,589003
46,529,1085729
47,1031,1462877
47,1031,533053
48,1006,412600
48,1025,254890
48,1046,1113885
48,1051,420267
48,1064,1412822
48,108,590593
48,1082,1265600
48,11,1061108
48,1114,1293109
48,1114,1416336
48,1114,445327
48,1114,470317
48,1116,66554
48,1130,1237833
48,1131,424799
48,115,202678
48,115,394091
48,127,235090
48,137,1438271
48,137,1663421
48,137,440351
48,137,54978
48,137,54979
48,145,1287179
48,15,1530038
48,166,1536087
48,191,859264
48,205,379457
48,208,1274604
48,208,1625976
48,218,1036281
48,218,1569511
48,235,1649237
48,238,1610179
48,260,1102193
48,303,998209
48,317,1662357
48,317,614227
48,317,968311
48,318,1453197
48,324,1147829
48,332,1498575
48,343,766293
48,36,715792
48,373,330328
48,377,1334634
48,378,1474230
48,380,805096
48,412,1684388
48,467,1428126
48,467,1539619
48,467,1675659
48,467,208407
48,467,706127
48,467,74538
48,48,637051
48,500,1238906
48,521,847316
48,537,1421039
48,544,918074
48,55,158489
48,55,624282
48,55,82955
48,571,926875
48,589,1222968
48,590,1111595
48,600,662357
48,607,484914
48,625,606658
48,652,818317
48,658,1276077
48,66,1532516
48,674,626023
48,680,1679769
48,733,612934
48,743,1094062
48,743,1370420
48,743,575454
48,748,870615
48,795,10802
48,797,601523
48,808,1337492
48,822,1281212
48,828,1125386
48,828,673130
48,833,1274160
48,853,1717169
48,853,596832
48,874,1601753
48,878,1496060
48,900,1087942
48,900,1178523
48,900,1210196
48,900,138919
48,900,156664
48,900,1688469
48,900,212321
48,900,237783
48,900,419753
48,900,429735
48,900,506740
48,900,607162
48,900,874527
48,902,302962
48,919,1132387
48,926,1462529
48,937,1677463
48,951,1126882
48,951,1406713
48,977,1362150
48,977,1391848
48,977,146658
48,977,1554966
48,977,1586150
48,977,199065
48,977,348968
48,977,356102
48,977,378712
48,978,1404558
48,980,347022
48,980,556397
48,980,68363
48,992,1608644
48,998,1640377
48,999,1088764
49,20,801723
49,222,1042097
49,254,806811
49,272,1100883
49,272,474179
49,357,13880
49,402,1501900
49,402,391557
49,412,1108846
49,412,1585467
49,412,667141
49,43,1126028
49,506,1661094
49,510,518528
49,55,1096049
49,554,1221692
49,610,1116826
49,610,1281871
49,610,606179
49,666,841155
49,731,1311030
49,740,864953
49,822,47469
49,827,893918
49,937,1439441
49,940,370588
49,98,1545499
49,98,479606
5,1013,1069747
5,1101,482119
5,1101,853288
5,17,1168080
5,17,898825
5,209,439351
5,209,823678
5,417,1485559
5,828,639480
50,1008,1462056
50,1013,1187686
50,1013,1241430
50,1013,1252213
50,1013,304025
50,1016,1149560
50,1022,548068
50,1031,1278254
50,1043,791198
50,1068,534094
50,1101,1132208
50,1108,1092971
50,1114,1349474
50,1125,415243
50,1125,732351
50,146,302328
50,150,1442233
50,159,887573
50,170,1293924
50,170,14548
50,170,1550845
50,183,846300
50,197,942398
50,209,1668667
50,209,1725087
50,209,26580
50,209,272490
50,209,375215
50,209,456300
50,209,49552
50,209,499149
50,209,66187
50,211,1173712
50,222,1314202
50,222,1464617
50,222,430625
50,222,642329
50,222,749567
50,229,1396031
50,23,140929
50,234,982386
50,244,1681289
50,251,1154407
50,253,1239352
50,256,389529
50,260,1491764
50,260,557998
50,260,877396
50,265,555001
50,273,223215
50,283,1247345
50,287,655196
50,317,1133185
50,321,701966
50,332,580995
50,394,1091920
50,402,1377581
50,402,340821
50,402,503099
50,412,1265171
50,412,1567834
50,412,386087
50,412,894397
50,467,357001
50,504,427941
50,520,1586761
50,520,1720612
50,521,567938
50,521,689681
50,521,70851
50,532,213640
50,55,1273769
50,587,1122626
50,605,130528
50,61,1125747
50,642,1611512
50,646,1490427
50,646,688487
50,654,1440622
50,7,1583512
50,723,1045492
50,733,1691648
50,733,51998
50,733,578038
50,748,405430
50,748,823846
50,748,968677
50,817,1051427
50,817,1409512
50,817,574208
50,822,557337
50,828,115794
50,828,1368019
50,828,438169
50,833,375281
50,850,1281955
50,862,120923
50,872,1057277
50,874,670039
50,881,1569340
50,881,157663
50,937,1185515
50,937,358753
50,97,1159248
50,984,1517911
51,1095,910845
51,11,282843
51,1114,112831
51,1114,1158520
51,1114,1170881
51,1114,1304421
51,1114,1468514
51,1114,1574840
51,1114,1590981
51,1114,244502
51,1114,280428
51,1114,343558
51,1114,437317
51,1114,478953
51,1114,73300
51,1114,750990
51,1114,855816
51,1114,866369
51,1114,985670
51,346,1274433
51,40,200268
51,460,441981
51,460,637747
51,489,1042586
51,489,1296317
51,489,1632004
51,489,1662698
51,489,1706898
51,489,1720308
51,489,230336
51,489,399184
51,489,435401
51,489,43750
51,489,890771
51,489,966676
51,489,994884
51,688,357567
51,743,1038906
51,743,1371904
51,743,1539148
51,743,1639835
51,743,1681450
51,743,1696336
51,743,252065
51,743,294852
51,743,339665
51,743,694323
51,743,71854
51,743,78242
51,743,815768
51,743,824935
51,764,399187
51,764,465621
51,797,1256778
51,797,137501
51,952,1566581
52,1033,333256
52,1056,887462
52,1097,1611761
52,11,410661
52,11,606238
52,1123,171745
52,1123,320505
52,1123,576177
52,137,196993
52,150,406465
52,186,1133653
52,186,1622393
52,186,183571
52,186,636514
52,218,1479016
52,218,42483
52,222,136419
52,256,30677
52,289,377183
52,289,923351
52,322,1493991
52,322,1521217
52,322,152122
52,322,586432
52,322,595177
52,322,682341
52,322,691020
52,357,450367
52,403,241984
52,412,1657455
52,423,435301
52,447,1304538
52,513,367236
52,514,894656
52,519,1123614
52,519,1253916
52,519,1502757
52,519,1507514
52,519,1723524
52,519,226349
52,519,231222
52,519,600211
52,519,724354
52,519,973256
52,519,990075
52,528,1425843
52,544,1362849
52,544,1384415
52,55,1413665
52,55,755546
52,56,1495143
52,56,714389
52,562,378516
52,568,1091288
52,568,1135453
52,568,1483751
52,568,1655301
52,568,292194
52,568,335166
52,568,349125
52,568,391984
52,57,722898
52,57,994337
52,581,153552
52,588,585873
52,597,935346
52,600,1586780
52,600,203380
52,600,744853
52,600,895023
52,619,718088
52,621,924776
52,66,485755
52,693,1325578
52,7,1498719
52,734,1510669
52,740,499551
52,741,1273094
52,751,114641
52,751,1331228
52,751,1496184
52,751,1670753
52,751,322316
52,751,368649
52,751,569401
52,751,776695
52,751,848225
52,768,1593806
52,817,1095057
52,817,1487679
52,822,485065
52,828,1541856
52,828,177874
52,872,1110906
52,872,1610907
52,874,433363
52,883,1710505
52,883,705650
52,900,1104712
52,900,1347686
52,900,890272
52,922,889222
52,942,720353
52,969,398263
53,10,400405
53,1001,1445987
53,1015,745123
53,1016,341703
53,1016,919344
53,1022,1672959
53,1022,26246
53,1022,474274
53,1024,44272
53,103,998336
53,1031,1112184
53,1031,757319
53,1033,1369654
53,1043,916558
53,1049,1411622
53,1051,587168
53,1051,836603
53,1109,1421291
53,1109,179438
53,111,1406763
53,1114,1582104
53,1114,1680039
53,1114,519151
53,1114,797499
53,1114,975167
53,1119,209291
53,1148,1661799
53,1151,1074774
53,134,633686
53,137,557301
53,142,795265
53,143,1628509
53,147,1236890
53,150,1105941
53,150,16799
53,162,821318
53,180,896066
53,185,1629439
53,197,722551
53,198,416182
53,199,495325
53,210,131683
53,211,1215391
53,218,111444
53,218,1637811
53,218,612794
53,222,776363
53,23,221011
53,23,397819
53,23,552465
53,240,780369
53,243,1231326
53,256,167132
53,256,1704588
53,256,1718600
53,256,441733
53,256,794192
53,260,159369
53,260,947101
53,317,1051775
53,317,1316363
53,317,1444410
53,343,1662004
53,343,234952
53,351,1312370
53,351,210155
53,351,633174
53,363,1146116
53,378,397143
53,401,1468087
53,401,1622578
53,402,1557408
53,412,1092097
53,412,1457115
53,412,488943
53,412,518287
53,412,539944
53,412,54135
53,412,676018
53,412,87225
53,412,87418
53,413,979434
53,427,1365038
53,430,45233
53,448,507360
53,449,1150385
53,449,1496426
53,449,162586
53,466,1621693
53,473,1664940
53,520,1098017
53,553,713544
53,58,1064071
53,586,1258132
53,586,512179
53,588,1676519
53,588,41461
53,623,1325986
53,627,1430123
53,636,525962
53,637,1282407
53,638,432750
53,64,10429
53,640,110798
53,668,798518
53,673,188851
53,680,844407
53,69,1231608
53,724,1392398
53,743,199813
53,743,396930
53,743,644121
53,743,909124
53,745,1263235
53,748,143602
53,748,63798
53,781,476934
53,787,1397874
53,797,1475883
53,797,1559160
53,797,409804
53,797,53013
53,797,718922
53,797,867421
53,797,926451
53,8,1119507
53,803,882156
53,822,785891
53,828,1065715
53,828,1193923
53,828,1593966
53,828,231115
53,828,275091
53,828,566904
53,828,588084
53,828,651904
53,828,972616
53,828,994226
53,833,1663649
53,833,99827
53,853,581114
53,863,144614
53,881,646446
53,888,1113167
53,896,1683459
53,900,731459
53,902,1285361
53,926,1667240
53,926,218411
53,926,364625
53,926,507762
53,937,1373080
53,937,594808
53,937,968009
53,948,1657194
53,964,336018
53,978,448304
53,980,1132040
53,980,1641606
53,980,857585
53,983,1562480
53,994,1666111
54,1016,1132508
54,1016,1139946
54,1016,426173
54,1065,165057
54,1086,1003657
54,1114,1221750
54,1114,688093
54,147,1202274
54,180,527767
54,207,1450884
54,351,63330
54,360,63618
54,489,1473886
54,497,1386592
54,586,1617221
54,586,571836
54,598,343510
54,605,850227
54,605,937346
54,673,1367819
54,718,1700038
54,724,332652
54,742,27628
54,743,1235804
54,969,1708074
55,10,1688907
55,1022,414719
55,1046,850736
55,137,1321761
55,137,919186
55,203,478691
55,205,1674884
55,205,6583
55,208,1148169
55,209,240621
55,211,1179851
55,222,1469681
55,222,1483286
55,222,90466
55,254,1475298
55,254,408319
55,260,671100
55,287,245669
55,287,818799
55,287,828954
55,287,882811
55,317,1141833
55,357,1065983
55,357,1149676
55,357,1593302
55,357,390500
55,357,871185
55,402,13688
55,402,1415408
55,402,661108
55,402,988391
55,412,1000104
55,412,1471468
55,412,447781
55,412,802412
55,412,986625
55,450,222308
55,488,1304928
55,488,434295
55,497,1043210
55,497,1265686
55,497,876080
55,506,645283
55,514,1271243
55,521,1195914
55,521,462862
55,521,791156
55,523,630587
55,533,370372
55,548,302428
55,548,798339
55,55,1045039
55,55,1121118
55,55,1277935
55,55,1588680
55,55,1695388
55,55,207802
55,55,673480
55,55,89987
55,583,572952
55,605,1201704
55,619,1146830
55,623,467162
55,666,1650881
55,691,1088052
55,691,513112
55,691,692515
55,701,403638
55,740,112041
55,740,385478
55,740,402168
55,781,319872
55,789,868095
55,822,601344
55,828,1434440
55,828,412193
55,833,404562
55,843,1055204
55,843,202942
55,853,1674568
55,881,1556752
55,890,878359
55,900,1542027
55,926,309784
55,937,1069807
55,937,1266807
55,937,1358569
55,937,506658
55,937,539922
55,937,735936
55,937,869879
55,940,1233344
55,940,1257851
55,940,1312303
55,940,323230
55,940,455899
55,940,525534
55,940,69917
55,940,759204
55,940,980129
55,951,1285690
55,958,759755
55,970,903885
55,98,1576292
55,98,424496
55,98,668914
55,98,826329
55,983,784866
56,1016,1264725
56,1016,471016
56,1028,286155
56,1031,1446266
56,1036,311691
56,1046,552684
56,1048,1153764
56,1048,1179878
56,1048,1264857
56,1048,1277253
56,1048,1721070
56,1048,317046
56,1048,32390
56,1048,349083
56,1048,52661
56,1048,903085
56,1059,109385
56,1059,387725
56,1081,315895
56,1090,1356739
56,11,791217
56,110,1530800
56,110,548168
56,1101,359626
56,1103,324972
56,1103,551692
56,1114,499650
56,1117,705651
56,136,608551
56,150,586110
56,150,846687
56,209,1077627
56,209,1104442
56,209,1430694
56,209,1498274
56,209,1517745
56,209,1698823
56,209,234803
56,209,298332
56,209,362861
56,209,388613
56,209,420074
56,209,478467
56,209,975344
56,209,983541
56,211,880929
56,218,1038302
56,218,1526157
56,218,1572271
56,218,557335
56,218,559790
56,218,717571
56,218,821334
56,222,1097226
56,222,1645356
56,222,589909
56,222,851333
56,23,485631
56,256,504659
56,260,1434663
56,260,866593
56,265,893727
56,283,1493624
56,283,1501615
56,283,541273
56,308,1394832
56,348,1472668
56,354,1724469
56,370,1149547
56,370,1194765
56,370,130247
56,370,1366618
56,370,570184
56,370,631060
56,370,676372
56,370,742455
56,370,846255
56,387,1111881
56,402,1378882
56,402,790355
56,402,884865
56,412,1279113
56,412,1510164
56,412,1653185
56,412,599760
56,412,682393
56,412,699875
56,421,1110225
56,421,1303361
56,424,170649
56,426,454522
56,431,569321
56,441,624086
56,480,1124725
56,480,1663488
56,480,190007
56,480,424095
56,480,468902
56,480,811371
56,480,912070
56,480,949282
56,482,1520637
56,497,1213645
56,497,1399184
56,498,1134794
56,520,1371171
56,520,740029
56,521,307871
56,521,522171
56,532,465117
56,540,112333
56,55,112051
56,55,124014
56,55,987849
56,562,806510
56,588,1522539
56,588,1524052
56,588,1650080
56,588,292183
56,588,931459
56,588,97226
56,594,448168
56,62,85897
56,641,1408190
56,642,370815
56,646,117896
56,680,987121
56,7,229986
56,700,169168
56,739,801785
56,743,1369257
56,743,1370424
56,743,1393150
56,743,1535244
56,743,1616055
56,743,407428
56,743,412281
56,743,471667
56,743,562220
56,743,776592
56,743,806625
56,743,813276
56,743,823973
56,743,864073
56,745,242557
56,746,1703293
56,75,287379
56,75,865945
56,769,699682
56,784,123490
56,784,142728
56,789,1095399
56,789,1369815
56,789,1406345
56,822,1519128
56,822,1620054
56,822,553202
56,823,481575
56,824,815109
56,826,339432
56,828,1339691
56,828,1507666
56,828,1680500
56,828,177266
56,828,554154
56,828,613391
56,828,999053
56,833,1198809
56,833,399536
56,856,1031695
56,872,47891
56,874,182512
56,874,193302
56,874,941270
56,881,18390
56,881,319690
56,881,578646
56,881,837271
56,899,982913
56,900,1010571
56,922,711339
56,923,48264
56,937,1199286
56,937,1655535
56,937,307896
56,954,574546
56,966,1298731
56,977,1596497
56,978,1194497
56,980,294364
56,983,1244402
57,281,875347
57,859,179150
58,1022,978815
58,1043,322075
58,11,125855
58,1104,367792
58,1140,246721
58,129,422847
58,146,145834
58,150,1213469
58,150,1383976
58,260,1287146
58,260,1411151
58,260,1588252
58,322,1066155
58,322,158183
58,322,184475
58,322,234476
58,322,282861
58,322,317155
58,322,421758
58,322,438314
58,322,457956
58,322,909448
58,322,981309
58,349,1117763
58,349,1130927
58,349,1154066
58,349,1164978
58,349,1305235
58,349,1706382
58,349,42521
58,349,501765
58,349,805863
58,353,828178
58,412,322632
58,531,579233
58,544,410068
58,565,1371828
58,661,202844
58,664,438797
58,693,40504
58,744,368439
58,833,664169
58,955,689125
58,969,186328
59,10,1337444
59,1022,575031
59,1031,1214424
59,1033,1180825
59,1040,1682637
59,1059,103766
59,1098,2838
59,1103,1241751
59,1103,1247807
59,1103,1386912
59,1103,1517088
59,1103,162029
59,1103,1657416
59,1103,260933
59,1103,376005
59,1103,445115
59,1103,514788
59,1103,597685
59,1103,598970
59,1103,623588
59,1103,628016
59,1103,663660
59,1103,699312
59,1103,734812
59,1103,851240
59,1107,15317
59,1114,308223
59,1114,659203
59,1115,1098896
59,1115,1181130
59,1115,1331968
59,1115,1499450
59,1123,1156070
59,1123,122668
59,1123,1435322
59,1123,414044
59,1123,477858
59,1123,707613
59,1123,904203
59,1133,1437880
59,1133,1553005
59,119,454423
59,137,1101523
59,137,139856
59,137,1678308
59,137,593920
59,137,666761
59,140,1674137
59,192,1613680
59,205,1004596
59,205,598062
59,209,1053659
59,209,128040
59,209,314279
59,209,421828
59,209,831154
59,209,998513
59,222,1219628
59,222,1364253
59,222,836941
59,23,1178150
59,257,1135736
59,257,1169301
59,257,1294429
59,260,987556
59,260,999213
59,265,1251376
59,277,238975
59,287,1318879
59,292,1362576
59,313,1181422
59,322,1138117
59,322,1152301
59,322,13727
59,322,1443468
59,322,250006
59,322,632007
59,322,745454
59,322,979647
59,330,1304924
59,34,1699487
59,402,1316309
59,417,179725
59,467,1598414
59,467,766635
59,486,1360198
59,486,1566886
59,486,168700
59,488,244007
59,497,1543827
59,497,264116
59,497,38085
59,497,389811
59,525,101359
59,529,824843
59,532,972115
59,544,381272
59,55,1130622
59,55,1217209
59,55,138455
59,55,169421
59,55,18244
59,55,740160
59,55,880890
59,581,1193276
59,581,600570
59,581,78672
59,588,1482752
59,588,201538
59,6,1578204
59,600,373418
59,600,670130
59,613,1683789
59,616,1234205
59,678,771952
59,691,1189035
59,691,387209
59,691,89851
59,691,908014
59,7,767199
59,733,1088588
59,733,571054
59,739,1115314
59,739,1248507
59,739,817617
59,745,254039
59,748,1251061
59,789,128675
59,789,218793
59,789,404024
59,789,472174
59,789,574057
59,789,601336
59,822,1263823
59,828,485413
59,828,712730
59,833,1172834
59,833,487892
59,833,56518
59,879,962495
59,881,251670
59,881,91709
59,900,1688497
59,900,441881
59,905,1552884
59,905,439147
59,918,793269
59,926,580131
59,937,1525963
59,940,1597920
59,940,604945
59,940,844510
59,97,19339
59,973,1677594
59,973,1708268
59,977,1027299
59,977,187365
59,988,70050
59,989,1488172
6,1046,1085591
6,1046,1385911
6,1046,420088
6,1046,609690
6,1101,1012592
6,1120,1551599
6,1120,460933
6,137,1372723
6,137,654562
6,137,825999
6,209,1184484
6,209,1650887
6,209,261980
6,209,91518
6,323,492693
6,347,58361
6,421,1005360
6,421,4688
6,524,885904
6,55,310839
6,553,1205626
6,553,1276883
6,605,1234836
6,646,779709
6,662,1179690
6,662,551980
6,684,868333
6,812,200944
6,900,1135462
6,900,1379481
6,900,1559037
6,908,48440
6,926,606236
6,977,691243
60,1016,1354752
60,1016,761905
60,1083,1538217
60,1143,1326737
60,123,176480
60,140,486922
60,261,786976
60,287,1319212
60,287,1697598
60,439,1587042
60,439,1601698
60,439,468749
60,488,181805
60,497,974712
60,55,189709
60,55,785491
60,576,715629
60,657,1530162
60,77,1506045
60,773,1206261
60,793,26473
60,797,562983
60,797,582368
60,828,1159409
60,828,951759
60,853,1296336
60,853,1502263
60,853,172460
60,853,210564
60,853,289375
60,853,321555
60,853,626166
60,853,700810
60,894,974067
60,900,737129
60,995,1527791
60,995,1611772
61,1005,173461
61,1005,890609
61,1018,1290293
61,1039,17607
61,1089,349450
61,1118,546729
61,1132,99633
61,1137,1506861
61,149,1187861
61,149,1329928
61,157,1273704
61,167,784820
61,205,1494039
61,222,489722
61,246,1338022
61,252,1080141
61,255,734582
61,305,1458505
61,310,519124
61,369,514591
61,392,172325
61,4,558464
61,402,1551137
61,402,339167
61,402,604588
61,402,754702
61,413,1470919
61,44,1136351
61,44,1527586
61,481,204467
61,548,421622
61,644,174839
61,651,618053
61,672,1370797
61,712,1302362
61,733,576114
61,745,1466412
61,745,296872
61,748,906710
61,789,10922
61,789,1415313
61,789,1499461
61,789,1530808
61,789,1582910
61,789,231929
61,789,685698
61,789,80564
61,825,1667610
61,870,1171312
61,870,439236
61,870,44768
61,874,1530937
61,937,79846
61,97,582139
61,97,778484
61,980,111414
61,989,1114110
62,10,955704
62,1011,909501
62,1016,200382
62,1022,976372
62,1033,424324
62,1043,346112
62,1046,1237795
62,1046,1259667
62,1046,192566
62,1046,477033
62,1046,721679
62,1046,994801
62,1063,1725252
62,1074,1242582
62,1114,1618195
62,1114,447596
62,121,735541
62,186,304164
62,193,623127
62,208,1079926
62,211,69982
62,215,1178626
62,22,1396643
62,222,1618920
62,222,654165
62,23,670105
62,291,1437280
62,351,1098939
62,362,1245743
62,373,1578049
62,399,1670369
62,402,1264231
62,410,1341223
62,410,424257
62,410,501948
62,423,1386065
62,424,1572161
62,449,1267784
62,45,720958
62,488,1562899
62,500,922933
62,514,725732
62,568,687940
62,575,734563
62,580,361008
62,586,1111072
62,586,142038
62,586,661474
62,586,684517
62,586,701652
62,621,765573
62,66,1099245
62,66,1526040
62,666,943021
62,687,1501776
62,720,1327948
62,733,1564656
62,743,1205585
62,743,1290410
62,743,236218
62,758,725021
62,761,705634
62,782,1174270
62,79,286366
62,797,380521
62,811,1625014
62,811,396694
62,811,446080
62,811,462565
62,822,1692441
62,884,328195
62,901,561818
62,926,715370
62,937,1654885
62,937,397748
62,977,604483
62,977,94339
62,980,595990
63,1013,1219899
63,1013,1525602
63,1013,1598475
63,1013,643406
63,1013,678126
63,1016,1012676
63,1016,1134105
63,1016,1528716
63,1016,227730
63,1016,246418
63,1016,316672
63,1016,341873
63,1016,424685
63,1016,454738
63,1016,478590
63,1016,542882
63,1016,560043
63,1016,578610
63,1016,826437
63,1016,831582
63,1016,940840
63,1022,46760
63,1028,122348
63,1028,161300
63,1030,1406696
63,1031,1050491
63,1031,1506580
63,1031,86360
63,1038,1687691
63,1040,1248281
63,1040,532588
63,1043,1013581
63,1043,1334164
63,1043,144011
63,1043,30001
63,1055,1569422
63,1055,225519
63,1058,263766
63,1060,218018
63,1080,917931
63,11,1225811
63,11,1500761
63,1101,119334
63,1101,1373695
63,1101,678524
63,1101,942749
63,1103,771914
63,1103,773048
63,1114,1047281
63,1114,640484
63,1125,1087960
63,1129,734897
63,1144,385878
63,117,353731
63,128,932090
63,13,1611582
63,133,1537107
63,150,1254871
63,150,788203
63,193,1586642
63,204,753509
63,209,1071794
63,209,1149741
63,209,1185073
63,209,1185581
63,209,1490533
63,209,1501994
63,209,1554304
63,209,1570361
63,209,1705203
63,209,182777
63,209,215830
63,209,26578
63,209,298691
63,209,301957
63,209,353916
63,209,358103
63,209,421379
63,209,446467
63,209,449784
63,209,495834
63,209,558228
63,209,592019
63,209,658927
63,209,660533
63,209,669491
63,209,697017
63,209,768791
63,209,797940
63,209,805822
63,209,879067
63,209,918619
63,209,930670
63,209,995177
63,216,1149303
63,218,1019261
63,218,1131723
63,218,1238264
63,218,1453175
63,218,1522501
63,218,1555586
63,218,209604
63,218,405846
63,218,706612
63,222,1133172
63,222,1142571
63,222,1206298
63,222,1230474
63,222,1285000
63,222,1289461
63,222,1294014
63,222,1390997
63,222,1400146
63,222,1407975
63,222,1655807
63,222,1660777
63,222,197991
63,222,220568
63,222,338993
63,222,375342
63,222,484873
63,222,541681
63,222,680958
63,222,757637
63,222,89502
63,222,981145
63,23,1599234
63,233,489652
63,240,1046777
63,240,1155545
63,240,1163449
63,240,1314569
63,240,1341103
63,240,1562685
63,240,1678194
63,240,291287
63,240,983366
63,253,455860
63,253,476992
63,253,804642
63,256,1441747
63,265,1199590
63,265,636228
63,275,1601264
63,281,479817
63,301,109633
63,307,81185
63,317,1284413
63,317,1485252
63,331,662870
63,335,65139
63,335,868484
63,343,1716636
63,343,1719277
63,343,725895
63,343,771571
63,351,1153703
63,351,1257179
63,351,1349469
63,351,1376409
63,351,1519892
63,351,1556717
63,351,1559234
63,351,1607563
63,351,1714754
63,351,189294
63,351,277456
63,351,374751
63,351,401444
63,351,43276
63,351,454584
63,351,829893
63,369,1241690
63,385,1100999
63,397,1187502
63,40,1190147
63,412,108935
63,412,1172440
63,412,1432235
63,412,1464902
63,412,1657313
63,412,203684
63,412,241084
63,412,318846
63,412,461519
63,412,560690
63,412,60549
63,412,605569
63,412,610922
63,417,1280496
63,417,138942
63,424,590438
63,443,70219
63,453,1007848
63,483,1209871
63,483,726754
63,497,262680
63,505,1107775
63,505,1591125
63,520,1640664
63,520,280869
63,520,612877
63,521,1466263
63,521,745595
63,534,231494
63,55,1066401
63,55,364332
63,55,985542
63,551,831237
63,586,1143592
63,586,1164300
63,586,1167562
63,586,1330961
63,586,1368996
63,586,1491370
63,586,1508287
63,586,154464
63,586,1547039
63,586,1569176
63,586,1573653
63,586,221263
63,586,534917
63,586,553912
63,586,567404
63,586,613822
63,586,701819
63,586,789362
63,586,832326
63,586,874763
63,586,931204
63,588,1113258
63,588,1294603
63,588,1560004
63,588,1581011
63,588,1689136
63,588,367551
63,588,385295
63,588,614346
63,588,779023
63,588,89622
63,588,998731
63,605,515346
63,63,661519
63,646,150328
63,680,1198460
63,683,1458834
63,718,1290593
63,731,1142316
63,731,1232053
63,733,453331
63,739,1255
63,739,1686195
63,739,740313
63,743,1125509
63,743,280616
63,743,829382
63,750,1188874
63,780,1292181
63,780,1315808
63,780,1451534
63,780,1533995
63,780,1548848
63,780,1666717
63,780,388555
63,780,656710
63,780,696871
63,780,751001
63,784,31651
63,789,1513596
63,79,1209463
63,79,1463665
63,797,1318967
63,797,1357007
63,797,1420409
63,797,224889
63,797,59565
63,807,954019
63,814,172027
63,822,1000150
63,822,1566297
63,828,1156607
63,828,1203414
63,828,1554569
63,828,1579671
63,828,1628489
63,828,1646499
63,828,1678819
63,828,1712197
63,828,1724277
63,828,202544
63,828,37365
63,828,588862
63,828,600390
63,828,616104
63,828,616236
63,828,774403
63,828,989367
63,833,785282
63,842,1137214
63,843,1527496
63,848,1344675
63,848,1576065
63,848,1627388
63,848,1630717
63,848,287843
63,848,294058
63,848,83992
63,857,1390194
63,857,1686414
63,857,224301
63,857,827830
63,857,882224
63,861,242928
63,864,628300
63,867,1522375
63,874,1136100
63,874,1155737
63,874,1680175
63,874,276861
63,876,1658552
63,876,376827
63,876,525650
63,880,16772
63,881,1032245
63,881,1130214
63,881,144018
63,881,1617391
63,881,167470
63,881,178172
63,881,302613
63,881,323834
63,881,451624
63,881,5504
63,881,893632
63,881,910300
63,881,970405
63,886,1455579
63,900,1447137
63,900,1532306
63,900,24648
63,900,352498
63,900,425044
63,900,601162
63,900,912900
63,910,1024669
63,910,1229369
63,910,128922
63,910,1326400
63,910,1333144
63,910,147672
63,910,1550575
63,910,1586320
63,910,1632148
63,910,222370
63,910,466467
63,910,588769
63,910,589841
63,916,339489
63,936,1113112
63,937,1023194
63,937,1048612
63,937,1076377
63,937,1090808
63,937,1187167
63,937,1218061
63,937,1224297
63,937,1259180
63,937,1455656
63,937,1463265
63,937,1470933
63,937,1508059
63,937,155186
63,937,1591280
63,937,1605795
63,937,1625413
63,937,1704542
63,937,196665
63,937,270650
63,937,278834
63,937,354632
63,937,362503
63,937,38962
63,937,412650
63,937,46324
63,937,468922
63,937,490475
63,937,578205
63,937,598842
63,937,769677
63,937,779623
63,937,779834
63,937,786171
63,937,821651
63,937,945708
63,941,788361
63,944,618714
63,97,138037
63,97,1615160
63,97,239734
63,97,266867
63,97,381667
63,97,405965
63,97,496024
63,978,16380
64,1012,290692
64,1012,70566
64,1022,175632
64,1035,1376504
64,1085,125222
64,1085,210319
64,1085,286167
64,1121,398490
64,1123,1277756
64,1123,1289142
64,1123,1305089
64,1123,1442783
64,1123,403347
64,1123,497311
64,1123,62024
64,1123,880641
64,1149,649030
64,136,1402682
64,137,1158189
64,137,1196676
64,137,1618597
64,137,1717795
64,137,176626
64,137,502624
64,137,625846
64,137,775240
64,141,1466080
64,141,1600458
64,141,551852
64,141,837036
64,146,54819
64,150,1140717
64,156,1524191
64,182,703910
64,196,1235414
64,205,1203370
64,205,155029
64,205,1569330
64,209,1052315
64,209,1060246
64,209,1354608
64,209,165183
64,209,1708436
64,209,229869
64,209,234906
64,209,475144
64,209,478023
64,209,500176
64,209,733299
64,209,758879
64,218,1209779
64,283,502634
64,322,1228312
64,322,226487
64,322,432380
64,322,535986
64,374,150923
64,389,692307
64,41,1018801
64,412,1468888
64,412,259759
64,490,60355
64,497,1026952
64,497,1546904
64,520,1622901
64,529,350403
64,530,831202
64,532,1590517
64,55,1303274
64,55,1336403
64,55,804131
64,55,889108
64,56,19380
64,574,1091245
64,581,111654
64,588,1287096
64,588,1451018
64,6,1625513
64,6,535773
64,646,1092356
64,66,129208
64,661,1347273
64,661,485986
64,690,1561990
64,711,1490558
64,724,911859
64,748,933684
64,75,712284
64,763,973673
64,771,1026404
64,789,1296608
64,789,1305520
64,789,1511286
64,789,1578356
64,826,126152
64,828,1432308
64,828,648583
64,881,1362027
64,90,472112
64,900,95301
64,918,1372380
64,92,402105
64,926,76848
64,926,818651
64,953,276024
64,956,1567528
64,956,382995
64,97,894667
64,976,368041
64,977,7638
64,977,852270
65,1152,1440574
65,241,111271
65,287,1337941
65,31,1399364
65,40,343802
65,55,36095
65,633,261966
66,1000,1608926
66,1028,878328
66,1068,374624
66,1123,160481
66,1123,17023
66,1123,49818
66,1123,970994
66,120,693044
66,137,1034760
66,137,686096
66,137,952035
66,137,991995
66,148,1144468
66,148,1453607
66,148,1616014
66,148,71183
66,170,1714647
66,170,651565
66,196,664281
66,197,40320
66,205,1213437
66,209,1061155
66,209,110870
66,209,129477
66,209,1298613
66,209,1409447
66,209,1432809
66,209,761592
66,218,826349
66,26,336040
66,260,443644
66,322,1119895
66,322,1437231
66,322,537647
66,322,574760
66,322,798997
66,349,1354628
66,349,291583
66,349,830901
66,390,1213614
66,402,967029
66,406,1670306
66,412,174763
66,412,363756
66,449,248835
66,497,1631799
66,520,920692
66,521,1675875
66,55,29872
66,61,707409
66,692,127840
66,709,838457
66,737,837643
66,753,359092
66,797,1071904
66,817,431913
66,827,773571
66,828,662793
66,833,150109
66,881,1026546
66,900,122297
67,1122,1108521
67,1122,302367
67,1122,586816
67,149,119751
67,149,1469072
67,149,864322
67,789,1083677
67,789,1226140
67,789,1344966
67,789,1406719
67,789,348176
67,789,480691
67,870,125161
67,870,330026
67,870,354936
68,1027,1540991
68,1027,996798
68,1046,1513909
68,1046,49528
68,1088,1244313
68,130,1369356
68,186,1515283
68,209,1272012
68,209,492181
68,209,749305
68,216,745495
68,218,1314187
68,278,1583912
68,280,786589
68,421,1358620
68,421,677815
68,421,896067
68,544,398974
68,544,814645
68,544,999373
68,546,517758
68,600,4464
68,606,1300085
68,747,1191237
68,781,70078
68,789,1264368
68,828,1122840
68,831,627595
68,833,1647819
68,900,38876
68,926,603330
68,926,953576
69,1016,1576671
69,1016,986315
69,1045,1518576
69,1045,865599
69,1076,1686955
69,109,796568
69,148,13429
69,148,646635
69,176,1347670
69,180,1569777
69,194,1651845
69,218,1460578
69,218,415645
69,222,107977
69,256,134463
69,264,358420
69,287,554612
69,306,194637
69,369,1557317
69,407,484021
69,412,418534
69,437,704380
69,439,1110140
69,439,1544631
69,439,81961
69,455,1152928
69,467,23088
69,493,545858
69,494,439707
69,55,1721420
69,599,1018505
69,619,798238
69,673,1509646
69,733,1187152
69,733,169215
69,733,436411
69,743,1198588
69,743,1683093
69,743,360212
69,797,1207429
69,797,975556
69,797,997235
69,853,1140561
69,853,1476579
69,853,332609
69,853,553191
69,853,731143
69,853,776261
69,853,924666
69,892,1287613
69,937,1682228
69,956,223107
69,959,159740
69,962,339471
69,978,1224218
69,978,348203
69,980,1171473
7,254,434774
7,35,660775
7,42,390973
7,557,1074193
7,623,1470943
7,69,708760
7,776,508847
70,1,1402997
70,1031,1584245
70,1031,529435
70,1038,779285
70,1042,217020
70,1043,1054439
70,1096,505713
70,1103,1617321
70,1103,1646883
70,1114,143862
70,1114,841311
70,1114,908450
70,1124,85462
70,1125,1709665
70,1146,1111125
70,115,682037
70,151,1588636
70,16,1426588
70,16,1615976
70,16,1624567
70,16,217872
70,16,640443
70,16,68071
70,16,804359
70,16,882442
70,17,1206150
70,170,1697425
70,186,456130
70,187,1303505
70,19,1051883
70,19,1242411
70,19,1549018
70,19,1630284
70,19,545800
70,19,688220
70,19,804033
70,19,860936
70,209,1057162
70,209,1057920
70,209,1176652
70,209,117895
70,209,1198967
70,209,1231642
70,209,1261572
70,209,1264166
70,209,138556
70,209,1449865
70,209,1450819
70,209,1556206
70,209,1562496
70,209,1574459
70,209,1575344
70,209,1660702
70,209,186198
70,209,222325
70,209,224086
70,209,226424
70,209,462899
70,209,512467
70,209,574332
70,209,581207
70,209,63656
70,209,637595
70,209,682683
70,209,703889
70,209,723478
70,209,746846
70,209,758006
70,209,766174
70,209,782849
70,209,813313
70,209,856040
70,216,1441124
70,218,1155641
70,218,1575320
70,218,1628333
70,218,239446
70,218,815313
70,220,1172543
70,221,664426
70,222,1401528
70,226,1588506
70,23,909601
70,256,1596749
70,260,1036344
70,260,447814
70,260,506911
70,260,594066
70,260,696062
70,265,274767
70,265,582454
70,265,63071
70,271,1446482
70,288,1476834
70,294,1641859
70,302,791669
70,317,492218
70,319,1123902
70,333,971801
70,343,406405
70,40,1635611
70,40,626246
70,40,983267
70,402,1381320
70,402,1611832
70,402,414709
70,402,429437
70,402,803130
70,402,8196
70,402,99541
70,412,1122259
70,412,1304270
70,412,1419180
70,412,359702
70,412,914158
70,422,404257
70,432,252732
70,435,1146995
70,439,1563947
70,439,254211
70,467,468594
70,487,1600497
70,487,342348
70,487,648156
70,497,829242
70,519,1481322
70,520,890667
70,520,999953
70,521,948797
70,55,630766
70,561,286549
70,588,106301
70,588,1549560
70,588,186741
70,588,878592
70,6,101267
70,608,1063718
70,619,936924
70,623,954989
70,646,1513622
70,673,354639
70,680,65354
70,7,783967
70,722,1206399
70,722,130826
70,722,1651803
70,722,465162
70,73,223986
70,745,1698231
70,745,446425
70,77,144196
70,77,418618
70,797,1224604
70,797,1298083
70,797,1403706
70,806,75408
70,817,1091527
70,817,144367
70,817,1587292
70,817,1702837
70,822,151578
70,828,1009447
70,828,1042941
70,828,1214826
70,828,1333776
70,828,137399
70,828,1387441
70,828,1400838
70,828,145481
70,828,1495092
70,828,1575447
70,828,160270
70,828,1655721
70,828,266983
70,828,375130
70,828,378570
70,828,428288
70,828,44289
70,828,491101
70,828,528464
70,828,532072
70,828,550394
70,828,718249
70,828,746769
70,828,767049
70,828,780818
70,828,875233
70,828,979053
70,828,998220
70,833,1426391
70,833,677511
70,833,828916
70,843,259651
70,851,1110803
70,851,1202834
70,851,1207752
70,851,1208410
70,851,134888
70,851,734018
70,881,1354234
70,881,420591
70,881,577780
70,900,170840
70,903,1013213
70,906,1165267
70,928,1293808
70,937,1680763
70,937,260493
70,937,4405
70,937,45445
70,937,733088
70,937,967961
70,940,1480417
70,979,270810
70,98,1054471
70,98,150299
70,983,557557
70,983,670337
70,987,1498093
71,1026,1497872
71,1029,189470
71,1034,987289
71,1043,547163
71,1044,130916
71,1073,306668
71,1077,473921
71,1091,1158341
71,1091,1317798
71,1091,1518833
71,1091,1614671
71,1091,1645094
71,1091,885379
71,1091,9286
71,1101,136476
71,1135,17353
71,1145,1029249
71,1145,2350
71,124,1419854
71,124,1724033
71,124,370742
71,134,888980
71,137,1503221
71,148,668557
71,200,1133911
71,200,631685
71,200,791605
71,209,1074835
71,232,1056345
71,25,157255
71,256,1209451
71,256,1272225
71,285,1415133
71,285,795357
71,285,895575
71,316,1630953
71,32,663069
71,32,874197
71,336,683658
71,376,509048
71,402,621423
71,412,459922
71,412,967212
71,424,1127855
71,439,1595303
71,444,197919
71,444,396366
71,449,1040662
71,449,1269014
71,449,1361154
71,449,1374640
71,449,1423930
71,449,786560
71,459,517631
71,462,1398272
71,497,1315179
71,497,135718
71,497,871287
71,501,110851
71,511,1515898
71,538,1031664
71,541,1438581
71,542,1365692
71,542,538766
71,542,582439
71,542,821863
71,545,1597221
71,545,1624405
71,545,663319
71,55,1002385
71,55,1382371
71,601,1056373
71,605,1339170
71,605,758860
71,609,1215835
71,609,1660622
71,609,183731
71,609,306945
71,630,449809
71,649,1117317
71,649,1253187
71,649,495920
71,667,749813
71,676,964548
71,682,452816
71,704,921676
71,710,407324
71,717,279962
71,725,1405023
71,733,129197
71,733,417421
71,736,665180
71,755,644369
71,777,168576
71,792,103641
71,801,82739
71,816,1219867
71,820,669063
71,853,1168325
71,853,632494
71,853,938635
71,855,903416
71,86,241158
71,869,1436714
71,869,396324
71,869,445059
71,869,683647
71,882,1174828
71,893,1241575
71,893,1407916
71,893,165452
71,893,799843
71,900,1386441
71,900,1523222
71,900,28632
71,900,606644
71,917,1034652
71,917,1112006
71,917,1460138
71,917,337605
71,926,1368039
71,926,187427
71,937,1049253
71,937,1440275
71,937,257539
71,937,387434
71,937,984381
71,943,1624045
71,943,424370
71,961,1248723
71,961,220088
72,828,1427800
73,10,1242987
73,1002,525343
73,1002,807300
73,1013,976994
73,1031,1573644
73,1046,121531
73,1114,1158206
73,1114,1178066
73,1114,1264185
73,1114,245095
73,1114,373488
73,1114,567629
73,150,1076271
73,209,81152
73,231,1639871
73,274,613700
73,349,101845
73,349,1555574
73,349,1654244
73,349,1670200
73,349,1700772
73,349,273580
73,349,353392
73,349,580387
73,349,683538
73,367,1305695
73,367,641141
73,402,628437
73,412,1293793
73,421,1426031
73,421,1438322
73,421,152420
73,421,295603
73,421,34645
73,421,365814
73,421,447391
73,421,579397
73,421,61282
73,421,733084
73,421,737068
73,421,793612
73,45,1148296
73,55,632919
73,661,1082881
73,669,640526
73,670,1062530
73,680,641205
73,72,292992
73,727,564404
73,744,139714
73,822,336616
73,822,887404
73,907,58337
73,915,123455
73,933,1644725
73,945,1060773
73,945,1102365
73,945,1157316
73,945,1196944
73,945,1287197
73,945,1474248
73,945,247840
73,945,580808
73,945,703269
73,97,1101080
73,97,1294987
73,97,795088
73,973,669048
74,1075,1246877
74,108,1511271
74,1114,553299
74,127,9013
74,139,1623774
74,148,1433450
74,209,1243382
74,253,1091254
74,253,36554
74,36,1495033
74,40,337747
74,402,641929
74,412,606818
74,417,1211583
74,485,1603094
74,488,515148
74,489,1516321
74,55,1716819
74,552,132671
74,586,450760
74,615,243658
74,673,464028
74,68,123333
74,686,15577
74,689,1000560
74,743,1412101
74,77,1178130
74,77,1249315
74,797,357957
74,900,165958
74,919,1461306
74,937,862887
74,985,375548
75,114,812888
75,148,101413
75,148,1436662
75,148,230510
75,23,94609
75,256,746299
75,487,120720
75,715,1684172
75,968,73081
75,980,273280
76,1122,156962
76,1122,1639085
76,218,1668819
76,335,774616
76,485,1600550
76,556,372195
76,937,984362
77,149,1200945
77,149,1434829
77,149,1555892
77,149,299825
77,149,524276
77,149,938042
77,789,1451212
77,789,228324
77,789,324609
77,789,376776
77,789,740691
77,789,89289
77,870,1018676
77,870,312606
77,870,444603
77,870,52123
77,870,643633
77,870,987791
78,104,954912
78,1047,260823
78,1122,1511220
78,1122,412755
78,148,686245
78,206,1084335
78,206,269752
78,212,198866
78,212,834293
78,218,32313
78,335,1559021
78,354,472018
78,445,915731
78,485,308311
78,556,664124
78,596,1533673
78,680,561171
78,743,42136
78,814,532150
78,900,1718173
78,937,1599758
78,937,50130
78,977,1096432
78,977,1215900
78,980,1401004
79,1031,1545182
79,148,1015676
79,148,1155370
79,148,1189924
79,148,1251538
79,148,1313058
79,148,1405889
79,148,1427740
79,148,1511422
79,148,902173
79,181,81034
79,599,1142172
79,94,1631176
8,148,1081097
8,171,1299908
8,260,1513399
8,281,345852
8,338,497889
8,733,316827
8,81,1221835
8,81,781541
8,859,892625
8,937,276072
8,937,730300
8,975,840672
80,242,748339
80,253,1215795
80,265,1692239
80,295,56863
80,364,1130077
80,39,849100
80,492,1589745
80,588,1488737
80,605,1031583
80,708,101434
80,874,1380392
80,875,1514381
80,900,1200807
80,900,555306
81,1031,1002259
81,1046,1520585
81,1114,686589
81,14,1338525
81,14,605425
81,148,1667115
81,148,264692
81,19,531489
81,201,857155
81,209,592128
81,286,485240
81,382,1609766
81,412,427394
81,439,1659362
81,439,173834
81,439,787949
81,487,523411
81,588,908532
81,619,586146
81,626,1402496
81,77,1500618
81,77,553879
81,77,926224
81,853,1011116
81,853,1161568
81,853,192604
81,853,661789
81,853,810089
81,853,841089
82,1016,1494806
82,1016,351581
82,1016,635953
82,1016,956623
82,1022,268598
82,1033,588518
82,1040,251071
82,1043,1097207
82,1043,546633
82,1046,193232
82,1046,508393
82,1046,741258
82,1050,1490780
82,1071,179557
82,1091,1309732
82,148,338418
82,168,1002753
82,179,455670
82,188,1121982
82,188,1345170
82,188,1375688
82,222,781199
82,228,1009308
82,256,1606886
82,256,800813
82,261,1008868
82,278,832084
82,280,297476
82,33,1688884
82,33,974117
82,343,661233
82,351,1307674
82,351,656831
82,424,670587
82,479,1707405
82,50,1379869
82,545,1302735
82,599,493642
82,605,1471036
82,605,227221
82,605,57192
82,605,611844
82,619,1314858
82,619,1615007
82,619,846120
82,656,1507702
82,681,1187966
82,681,348715
82,691,187560
82,695,687645
82,733,1462674
82,743,199965
82,757,979910
82,77,34995
82,797,1061763
82,797,588965
82,797,600521
82,805,1137923
82,822,1519933
82,822,184098
82,828,1362509
82,853,179879
82,853,951219
82,863,1429933
82,869,603429
82,874,1636097
82,874,919417
82,900,216620
82,926,1195559
82,926,1392109
82,931,1349886
82,969,1264621
82,982,1223021
82,982,1571148
82,982,66611
82,982,854689
83,1114,33296
83,137,155521
83,369,1073518
83,889,1030362
83,900,13124
83,977,1195465
84,1007,1587013
84,1089,131530
84,1114,1466046
84,1118,1327550
84,1118,464335
84,1126,1092166
84,1139,382703
84,149,1036779
84,149,1619613
84,149,224474
84,149,720605
84,149,803647
84,150,1299710
84,152,1610454
84,152,429067
84,152,795794
84,152,868276
84,152,981945
84,157,1147350
84,167,1119012
84,202,1204945
84,218,1646738
84,222,1598884
84,310,1096867
84,366,580223
84,369,349214
84,392,1719884
84,392,861108
84,4,1272253
84,402,1329218
84,402,1430914
84,402,1519303
84,402,342847
84,402,359910
84,402,984798
84,412,170742
84,419,28599
84,44,235770
84,44,433731
84,481,865501
84,53,874595
84,588,317842
84,672,146482
84,672,560918
84,745,1244465
84,745,1396469
84,748,459012
84,789,1156419
84,789,1396626
84,789,1503363
84,789,167622
84,789,313992
84,789,521408
84,789,526566
84,789,877328
84,789,895278
84,789,925743
84,870,1104188
84,870,110607
84,870,1122327
84,870,534200
84,97,1179130
85,1003,1381115
85,1003,301044
85,1003,308861
85,1003,336266
85,1013,842812
85,1019,1522558
85,1022,1238270
85,1022,508681
85,1033,377224
85,1043,169732
85,1043,433147
85,1046,942029
85,1064,1193356
85,1092,834031
85,1101,397078
85,1101,653730
85,1123,151378
85,1123,67162
85,1141,794815
85,137,168993
85,137,703694
85,158,683648
85,175,1124629
85,186,1104648
85,190,1715458
85,196,564804
85,218,435143
85,24,423016
85,260,1535375
85,260,463213
85,280,1306930
85,322,1560321
85,328,198358
85,349,1297479
85,349,63504
85,349,92645
85,377,154079
85,402,1509940
85,412,1493728
85,449,1135234
85,449,1298070
85,497,1443621
85,520,261883
85,544,1465516
85,55,121169
85,55,1284785
85,560,245805
85,560,269889
85,581,1262633
85,582,657221
85,588,1300399
85,588,386479
85,600,1455872
85,605,257711
85,612,398014
85,733,1149411
85,733,1290370
85,733,22802
85,740,14499
85,744,1381832
85,817,244410
85,827,378339
85,828,1031717
85,833,266576
85,898,1672712
85,900,1686969
85,937,1132410
85,937,404589
85,945,1725151
85,956,1052665
85,956,1717114
85,977,1254496
86,1009,124073
86,1013,485293
86,1028,1132968
86,1125,1278619
86,1134,1199603
86,14,1082
86,148,1244709
86,148,1554870
86,148,1683780
86,148,1701514
86,148,184756
86,148,194612
86,148,349002
86,148,497679
86,148,642982
86,148,83436
86,160,217118
86,19,384084
86,214,1338623
86,214,82759
86,218,1319826
86,242,1511338
86,256,426325
86,260,800989
86,286,622990
86,29,530108
86,296,1104338
86,372,312137
86,412,418469
86,416,987894
86,421,1482414
86,421,788162
86,421,92633
86,463,807845
86,487,1573418
86,515,1109259
86,6,494259
86,600,512937
86,600,542772
86,698,600610
86,698,915235
86,733,521527
86,733,688067
86,747,63103
86,77,216738
86,817,230937
86,827,1431938
86,828,1213434
86,828,1283843
86,828,219073
86,828,449960
86,828,871689
86,843,512043
86,863,192224
86,9,1586908
86,940,1078714
86,940,1478459
86,940,1524923
86,940,952249
86,945,741458
86,98,1720981
87,1122,520243
87,218,1046814
87,485,1402059
87,680,1668666
87,937,1131832
88,1122,1459670
88,335,530246
88,556,1519207
88,937,1645768
89,1040,1515424
89,287,514052
89,476,1497115
89,55,1049153
89,60,1332060
89,60,1695400
89,60,269035
89,60,504110
89,75,1050070
89,75,1056989
89,75,1183195
89,75,970409
89,937,1442920
89,940,853215
9,1122,413063
9,1122,869985
9,186,932800
9,218,90461
9,230,1500579
9,237,1246670
9,258,1065314
9,260,1080347
9,335,280508
9,343,1637744
9,369,143436
9,467,1168751
9,467,1420252
9,485,750488
9,52,1579060
9,522,1020519
9,556,295842
9,581,538155
9,585,1397670
9,604,631193
9,604,698307
9,650,229165
9,66,1416320
9,680,367851
9,729,1329326
9,733,1397873
9,743,974673
9,845,414863
9,845,64731
9,873,721817
9,900,143534
9,900,911870
9,937,1069808
9,937,1578033
9,977,554800
9,978,1138414
9,980,1442131
90,1006,816303
90,1019,1185289
90,1019,1479765
90,1019,197569
90,1019,285097
90,1019,401083
90,1019,494732
90,1019,676326
90,1019,719870
90,1041,1256192
90,1053,1178989
90,1114,1393277
90,137,1475597
90,137,368193
90,137,486045
90,137,799415
90,190,1143768
90,190,32923
90,190,393254
90,190,426831
90,190,459532
90,190,949429
90,208,1270613
90,222,855147
90,268,1155225
90,312,1476928
90,377,1250364
90,402,1154711
90,402,500284
90,412,1399484
90,412,1422187
90,412,1549737
90,412,1552156
90,412,19340
90,412,424987
90,412,703645
90,412,913593
90,417,61965
90,418,891490
90,432,1708342
90,45,264527
90,467,1089427
90,467,1159320
90,467,1194456
90,467,1250731
90,467,1510686
90,467,1602174
90,467,389501
90,467,410080
90,467,576599
90,467,728249
90,467,877525
90,467,947310
90,470,1581035
90,496,332026
90,544,154440
90,544,920675
90,581,1449725
90,593,1183818
90,593,1370083
90,600,1430439
90,600,236463
90,639,440710
90,675,272977
90,675,547624
90,675,558534
90,675,793434
90,690,527412
90,694,1638830
90,699,1647408
90,714,1022547
90,714,1070429
90,714,1607172
90,714,621124
90,714,825627
90,714,826663
90,714,864703
90,714,906275
90,714,989903
90,733,1068613
90,749,219596
90,822,1120943
90,822,1158423
90,822,146149
90,822,1554763
90,822,1580510
90,822,185711
90,822,27830
90,822,418977
90,822,701894
90,822,728794
90,822,891520
90,833,1251517
90,833,143827
90,833,1636373
90,833,958787
90,834,608404
90,836,71616
90,858,521520
90,858,643696
90,874,442188
90,883,1400385
90,89,574719
90,900,1445190
90,919,12027
90,929,1424336
90,937,214937
90,937,501607
90,937,632449
90,952,191880
90,958,1346158
90,977,997743
91,1085,1306519
91,1085,539805
91,1085,85368
91,1123,421496
91,1123,907837
91,1123,962337
91,122,94776
91,131,503368
91,137,436019
91,137,773300
91,150,1098379
91,186,676258
91,186,97908
91,192,469066
91,205,1281921
91,205,1400163
91,209,1100072
91,209,1359430
91,209,1592633
91,209,1624975
91,209,315196
91,209,682753
91,209,766078
91,209,773229
91,222,553496
91,250,1243212
91,250,1595715
91,253,1431865
91,256,158195
91,256,613862
91,281,1401312
91,322,1318575
91,322,353573
91,412,75627
91,414,1225710
91,414,1275857
91,478,665371
91,497,469984
91,520,307501
91,544,1207421
91,55,1154833
91,55,1282182
91,55,329888
91,55,791471
91,581,1227327
91,600,1135238
91,600,1354703
91,600,1547960
91,628,865924
91,629,1611737
91,646,17414
91,66,491114
91,661,1130970
91,677,1700164
91,680,1417406
91,745,482701
91,766,194055
91,789,815072
91,815,712773
91,82,18621
91,830,385537
91,837,659068
91,881,243342
91,900,1526457
91,900,270548
91,900,854227
91,937,867890
91,956,1281982
91,97,533946
91,978,907393
92,1095,1093189
92,11,100519
92,11,854793
92,1114,1211806
92,1114,1313903
92,1114,133678
92,1114,1411835
92,1114,150159
92,1114,1568115
92,1114,1572995
92,1114,1663646
92,1114,1702319
92,1114,170850
92,1114,215577
92,1114,252292
92,1114,25244
92,1114,385677
92,1114,399390
92,1114,676458
92,197,464110
92,209,1485454
92,209,1572123
92,209,1630754
92,209,238350
92,209,239855
92,209,332600
92,209,435104
92,209,465243
92,209,490730
92,209,552793
92,209,683686
92,209,858540
92,209,910966
92,21,742671
92,254,1177363
92,254,1386434
92,254,1498986
92,254,1682784
92,254,24053
92,254,590323
92,254,611997
92,254,667496
92,339,1459394
92,37,473437
92,37,499450
92,37,552995
92,37,602057
92,381,186128
92,40,1520373
92,439,1465616
92,497,527715
92,502,1160725
92,55,1717674
92,595,1710212
92,595,743939
92,595,833196
92,646,19860
92,673,1563634
92,733,211935
92,743,187883
92,743,217172
92,743,80994
92,743,900916
92,797,546532
92,827,1358856
92,827,146383
92,835,108239
92,835,1404619
92,835,243723
92,835,319086
92,835,492078
92,900,1563055
92,900,597104
92,900,718890
92,900,870947
92,952,596734
93,1016,1093882
93,1016,1619393
93,1016,841130
93,1017,1231530
93,1022,31986
93,1022,684857
93,1031,1113650
93,1040,1628128
93,107,643753
93,1097,203487
93,11,1215012
93,1103,1224288
93,1103,1622286
93,1103,780768
93,1114,1697039
93,1114,750683
93,1114,905865
93,137,1047051
93,148,1073671
93,148,1138514
93,148,1170270
93,148,1318070
93,148,1328109
93,148,1635777
93,148,596751
93,222,602897
93,222,827112
93,227,1484665
93,23,292442
93,260,233278
93,260,92721
93,260,969307
93,263,1714245
93,283,1290893
93,284,1388581
93,299,142943
93,317,1556051
93,317,746080
93,341,1402857
93,40,1712830
93,402,125864
93,402,1308468
93,449,1630583
93,449,1689603
93,451,417047
93,456,1646171
93,49,1372575
93,520,263444
93,526,1597912
93,529,542829
93,529,989068
93,534,1076793
93,605,1720565
93,605,526733
93,605,532996
93,7,1088282
93,7,1175571
93,733,341487
93,733,732655
93,734,1094055
93,748,1452368
93,797,1000797
93,817,1093700
93,817,299819
93,822,1348855
93,822,379605
93,833,889344
93,874,1492769
93,881,117396
93,881,1334373
93,881,240217
93,958,1656589
93,967,1455047
93,967,491555
93,977,1257472
93,977,410167
94,256,1398340
94,564,1377489
94,610,1222800
94,618,519326
94,828,1369626
95,1046,36160
95,1079,1588206
95,1100,718532
95,1101,441151
95,209,1547224
95,218,516523
95,218,517406
95,256,1225895
95,256,187537
95,256,535256
95,256,747443
95,260,1609003
95,260,1711081
95,28,94914
95,396,138129
95,396,1573478
95,402,1458719
95,469,116052
95,469,1717286
95,469,59723
95,491,300467
95,584,1389655
95,584,83095
95,584,848889
95,588,1342851
95,592,972150
95,605,272875
95,703,452681
95,733,380299
95,745,1575053
95,745,465566
95,760,369668
95,774,713909
95,789,1284671
95,789,403781
95,789,972415
95,797,1001936
95,797,1007878
95,797,1069003
95,797,479558
95,797,808586
95,822,559857
95,828,566701
95,828,878915
95,833,257540
95,852,887226
95,881,404018
95,900,1575738
95,900,794618
95,926,1060214
96,17,1656156
96,17,807131
96,170,113618
96,170,1286793
96,170,186135
96,170,241676
96,170,273242
96,170,722544
96,209,139063
96,209,1667572
96,209,353430
96,209,406523
96,209,569235
96,209,647473
96,209,904211
96,209,980698
96,222,1282096
96,222,680183
96,497,1345125
96,497,980946
96,521,783471
96,521,990778
97,102,665248
97,1027,1155854
97,208,519956
97,209,1292133
97,24,1573667
97,421,1478536
97,433,1543611
97,55,1265083
97,600,258425
97,733,1072413
97,747,820986
97,757,858236
97,766,189212
97,789,145173
97,812,1671007
97,828,1021839
97,900,1558094
97,924,546158
97,925,1042566
97,937,667091
98,1005,598164
98,1005,906909
98,1016,110092
98,1016,1644874
98,1016,1707042
98,1016,217878
98,1022,505740
98,1022,933063
98,1031,1071705
98,1031,1398054
98,1031,1702271
98,1037,201470
98,1043,132184
98,1043,1530695
98,1059,336618
98,1070,1109856
98,1093,1271452
98,11,149147
98,11,869517
98,1101,891680
98,1106,1462552
98,1114,813244
98,1125,1220963
98,146,965057
98,172,1128931
98,193,199370
98,209,1076630
98,209,1110439
98,209,1276435
98,209,1588335
98,209,1597398
98,209,1678124
98,209,1703770
98,209,279432
98,209,32874
98,209,336787
98,209,382089
98,211,468415
98,218,1407277
98,218,1714396
98,218,311962
98,218,404756
98,218,833927
98,222,1424427
98,222,254835
98,222,611271
98,222,964424
98,23,1384680
98,23,1670338
98,249,1066
98,249,884806
98,252,143791
98,252,96466
98,260,1315570
98,260,723965
98,260,745697
98,265,143613
98,265,1655472
98,269,564605
98,276,911022
98,317,1369339
98,317,256096
98,317,683532
98,330,1279380
98,335,685023
98,355,1176776
98,357,1165548
98,357,1201493
98,379,160051
98,40,1723233
98,402,1168007
98,402,1721351
98,402,315096
98,402,381406
98,402,61156
98,402,816788
98,402,912597
98,405,707492
98,406,1504502
98,406,889248
98,407,26963
98,412,1627828
98,412,425112
98,412,694326
98,442,464825
98,449,297668
98,452,1046552
98,452,1142333
98,452,999212
98,467,871837
98,468,20041
98,497,1185543
98,497,1700572
98,497,80824
98,498,1230787
98,498,1352937
98,498,138909
98,498,1661300
98,498,460346
98,498,481141
98,498,597416
98,520,1585885
98,533,1042776
98,533,1482433
98,55,643200
98,55,71383
98,550,1621087
98,559,1500684
98,588,1368880
98,588,1630572
98,588,403427
98,588,949022
98,59,1635176
98,600,1016891
98,605,1080476
98,623,1023043
98,623,1397290
98,648,1230378
98,648,978884
98,673,1111279
98,673,967742
98,7,1095573
98,7,1656266
98,7,667574
98,70,563412
98,733,1446499
98,733,308725
98,739,1381976
98,743,495705
98,745,1323166
98,745,1662268
98,748,1235817
98,748,127144
98,748,1620439
98,75,618292
98,75,769676
98,772,1591746
98,784,951601
98,789,1295873
98,789,1358276
98,789,251999
98,789,615367
98,797,1073175
98,797,197816
98,797,391276
98,817,943348
98,817,985948
98,828,46944
98,828,521090
98,828,709775
98,828,910639
98,833,1052620
98,846,1687124
98,874,1538034
98,874,291952
98,874,840837
98,881,174388
98,881,326351
98,881,868368
98,900,242922
98,919,1698482
98,919,184360
98,922,636662
98,937,1057310
98,937,1074652
98,937,1514390
98,937,522268
98,952,1071860
98,97,1421339
98,974,589072
98,977,54527
98,978,460891
99,23,904228
99,325,1522337
99,467,868236
99,655,1220092
99,675,1656332
99,715,1434833
99,797,1159267
99,813,859334
99,947,1580979
